# Histogram of U(x) values (intake values) in all the cells in the population
5 29 49 62 143 242 274 344 431 552 675 815 926 1068 1233 1437 1529 1671 1735 1981 2111 2219 2498 2654 2794 2920 3099 3232 3245 3475 3469 3611 3848 3963 3874 4066 4191 4301 4270 4453 4363 4475 4561 4692 4714 4758 4764 4684 4863 4777 4708 4914 4822 4828 4930 4849 4736 4737 4812 4674 4751 4664 4707 4635 4621 4496 4456 4453 4412 4298 4297 4192 4108 4084 3887 3736 3814 3691 3510 3473 3391 3345 3313 3297 3000 2797 2834 2666 2623 2366 2391 2050 2036 1915 1705 1537 1282 1086 879 447 
4 26 47 46 98 158 204 212 269 339 429 547 585 741 756 915 963 1049 1107 1279 1327 1410 1639 1726 1741 1789 1986 2020 2052 2181 2200 2238 2325 2468 2389 2457 2608 2670 2642 2717 2636 2713 2753 2845 2854 2927 2898 2849 2910 2904 2823 2960 2896 2929 3042 2877 2812 2829 2936 2742 2905 2813 2801 2804 2800 2714 2639 2622 2687 2544 2592 2543 2494 2436 2403 2269 2297 2215 2078 2100 2041 1991 2012 1975 1800 1701 1744 1578 1562 1402 1500 1250 1239 1163 1055 934 760 654 524 265 
4 46 51 67 119 209 269 264 363 443 567 751 797 920 884 1151 1259 1293 1385 1513 1613 1631 1959 2075 2092 2139 2391 2376 2428 2620 2724 2709 2823 3000 2787 2946 3003 3244 3043 3181 3071 3178 3152 3303 3251 3475 3436 3313 3447 3335 3262 3396 3327 3398 3575 3352 3175 3287 3348 3165 3323 3234 3241 3136 3200 3134 3130 3023 3067 2933 3004 2914 2871 2823 2776 2595 2632 2494 2384 2423 2377 2290 2296 2253 2066 1972 1994 1831 1856 1591 1759 1442 1450 1291 1196 1092 840 743 631 308 
0 40 41 68 119 242 326 295 364 407 596 749 842 986 871 1172 1268 1225 1360 1536 1560 1621 1940 2008 2045 2118 2251 2315 2376 2586 2716 2671 2764 2912 2702 2793 2920 3148 3006 3068 2982 3078 3105 3144 3151 3322 3348 3160 3310 3250 3227 3272 3252 3400 3491 3243 3114 3205 3268 3012 3256 3114 3183 3086 3106 3053 3082 2915 2988 2926 2937 2828 2799 2742 2694 2503 2606 2438 2364 2328 2365 2265 2208 2181 1986 1926 1949 1815 1818 1550 1678 1415 1404 1264 1187 1104 878 768 617 313 
0 52 43 85 114 238 315 282 382 438 641 797 977 1068 913 1252 1368 1298 1443 1629 1599 1673 1906 2025 2101 2098 2180 2401 2394 2673 2759 2762 2802 2942 2668 2799 2940 3141 3031 3073 2978 3118 3095 3105 3157 3343 3433 3182 3422 3253 3226 3250 3236 3509 3506 3293 3237 3212 3233 2942 3334 3233 3316 3165 3121 3110 3164 3008 3026 2854 3050 2873 2819 2801 2758 2541 2585 2537 2440 2386 2394 2301 2201 2197 1996 1922 1915 1830 1875 1525 1669 1434 1433 1266 1178 1141 858 759 636 317 
0 49 50 104 126 250 311 306 376 476 704 911 1045 1087 938 1322 1392 1312 1484 1712 1634 1749 1991 2103 2117 2153 2313 2501 2468 2728 2927 2886 2832 3006 2697 2863 2991 3273 3195 3137 3088 3190 3143 3262 3189 3445 3539 3231 3477 3362 3319 3327 3299 3491 3500 3380 3353 3319 3310 2909 3425 3230 3355 3198 3234 3052 3231 3114 2993 2912 3093 2931 2901 2791 2808 2581 2574 2592 2422 2335 2435 2370 2212 2236 1941 1917 1928 1833 1842 1496 1682 1433 1448 1259 1161 1153 873 809 633 315 
0 50 53 117 133 281 354 286 323 420 755 885 1028 1081 929 1286 1400 1319 1406 1677 1576 1769 1921 2080 2077 2023 2230 2288 2351 2649 2899 2788 2717 2959 2529 2804 2917 3163 3125 3058 2946 3028 2984 3104 3098 3278 3452 3094 3412 3236 3247 3215 3165 3482 3388 3283 3289 3207 3209 2784 3340 3141 3272 3126 3090 2919 3074 3015 2908 2695 3010 2833 2801 2664 2723 2500 2455 2553 2381 2275 2448 2278 2121 2104 1903 1862 1878 1837 1743 1451 1621 1387 1342 1233 1104 1100 871 806 612 317 
0 71 67 145 132 343 299 283 315 455 718 900 1041 1125 980 1382 1546 1304 1423 1785 1572 1757 1925 2141 2130 2054 2339 2362 2399 2627 2957 2887 2753 2978 2510 2780 2926 3190 3139 3079 2919 3020 3026 3158 3158 3285 3540 3158 3559 3266 3299 3228 3185 3617 3445 3354 3369 3317 3266 2797 3457 3165 3339 3203 3175 2954 3150 3108 2987 2726 3029 2901 2863 2700 2741 2565 2532 2695 2442 2320 2514 2391 2179 2165 1912 1950 1908 1847 1795 1475 1655 1386 1353 1285 1166 1136 875 837 613 321 
0 68 72 147 124 300 268 287 304 453 746 891 1060 1101 1014 1381 1491 1273 1344 1697 1505 1724 1931 2129 2084 2035 2231 2221 2369 2625 2950 2887 2746 2917 2419 2670 2872 3122 3045 3024 2880 2980 2894 3133 3131 3285 3487 3068 3559 3280 3331 3289 3191 3615 3456 3325 3327 3335 3264 2772 3440 3186 3331 3186 3178 2920 3084 3042 2957 2693 3045 2920 2867 2713 2693 2576 2489 2702 2472 2277 2567 2396 2172 2135 1884 1932 1905 1892 1792 1397 1650 1408 1343 1268 1094 1086 867 826 576 310 
0 65 81 188 131 293 227 296 307 480 792 939 1116 1027 1045 1427 1476 1287 1334 1680 1438 1758 1955 2078 2121 2001 2222 2156 2433 2629 2998 2896 2713 2968 2357 2726 2906 3114 3103 3038 2920 2950 2898 3161 3088 3299 3571 3049 3579 3247 3364 3298 3175 3670 3529 3319 3350 3337 3181 2773 3495 3238 3356 3140 3241 2796 3018 3070 2981 2695 3077 3034 2909 2707 2752 2553 2449 2796 2468 2260 2648 2457 2188 2202 1853 1927 1955 1961 1764 1398 1652 1409 1307 1226 1035 1112 861 779 566 306 
0 76 79 190 119 278 226 279 298 477 820 958 1182 1031 1069 1431 1492 1313 1355 1604 1351 1687 1905 2058 2029 1971 2182 2120 2498 2708 3034 2965 2725 2890 2258 2701 2884 3148 3106 3012 2880 2960 2872 3127 3038 3303 3560 3083 3604 3185 3321 3260 3138 3592 3436 3260 3279 3289 3074 2774 3435 3223 3382 3145 3177 2730 3051 3096 2917 2618 3121 3045 2920 2760 2731 2533 2490 2802 2498 2266 2759 2450 2262 2185 1818 1950 1973 1965 1816 1405 1699 1431 1311 1230 1047 1143 829 746 579 318 
0 57 75 181 113 231 177 259 252 427 807 882 1193 1020 1087 1445 1465 1284 1361 1617 1336 1740 1955 2068 2020 2024 2232 2141 2647 2738 3108 3088 2857 3004 2257 2758 3004 3241 3142 3035 2966 2954 2853 3115 3027 3366 3618 3103 3556 3393 3515 3295 3130 3639 3464 3274 3311 3381 3130 2862 3556 3333 3479 3150 3321 2767 3189 3198 2998 2637 3279 3159 3028 2946 2823 2570 2619 2964 2629 2306 2893 2498 2381 2222 1826 2031 2021 1977 1831 1428 1735 1447 1262 1282 1076 1177 847 756 580 299 
0 43 83 180 114 215 184 248 252 395 767 800 1197 931 1037 1393 1405 1231 1271 1550 1266 1669 1844 1959 1958 1983 2091 2053 2584 2646 3072 2990 2737 2901 2184 2666 2983 3177 3111 3041 2764 2851 2687 2947 2926 3265 3667 2930 3458 3309 3426 3226 3097 3616 3484 3196 3291 3330 3124 2791 3492 3377 3398 3130 3287 2740 3123 3136 2999 2601 3208 3146 3016 2861 2804 2503 2576 2909 2529 2209 2811 2446 2282 2165 1815 1972 1943 1890 1816 1374 1669 1371 1241 1216 1011 1169 814 740 540 275 
0 26 81 179 114 170 132 220 220 372 738 822 1243 964 1042 1392 1366 1261 1263 1539 1235 1735 1828 1970 1923 2018 2069 1983 2585 2678 3155 3023 2743 2998 2143 2629 2965 3173 3101 3051 2700 2847 2603 2875 2812 3312 3623 2803 3439 3268 3531 3133 3033 3606 3411 3163 3310 3333 3090 2834 3470 3326 3379 3106 3311 2693 3040 3132 2996 2519 3181 3152 3092 2849 2723 2473 2603 2967 2506 2170 2969 2447 2278 2205 1747 1988 1974 1901 1891 1404 1681 1374 1213 1228 1021 1173 846 736 520 241 
0 36 63 167 98 176 131 220 211 293 723 776 1274 989 1077 1413 1431 1222 1340 1509 1234 1811 1759 1968 2063 1987 2082 1924 2766 2711 3326 3113 2844 3108 2159 2771 3084 3239 3232 3184 2688 2912 2656 2843 2766 3422 3681 2722 3503 3262 3707 3152 2992 3747 3423 3162 3376 3375 3082 2868 3581 3352 3474 3030 3373 2733 3087 3132 3169 2444 3259 3236 3255 2884 2793 2501 2754 3120 2540 2233 3195 2498 2442 2270 1783 2095 2114 2005 1985 1460 1748 1433 1220 1314 1076 1282 868 797 558 254 
0 42 43 157 105 160 115 204 225 302 740 728 1180 919 1053 1315 1404 1156 1360 1441 1138 1723 1609 1859 1981 1944 1942 1837 2805 2616 3467 3150 2868 3141 2150 2792 3214 3352 3305 3230 2682 2967 2619 2814 2667 3491 3655 2653 3441 3266 3808 3089 3053 3680 3392 3053 3406 3346 3027 2822 3604 3301 3452 2948 3449 2691 3118 3003 3166 2282 3248 3224 3221 2895 2767 2520 2708 3183 2449 2131 3317 2529 2498 2222 1777 2096 2068 2026 1932 1406 1798 1400 1193 1330 999 1293 864 803 545 241 
0 36 39 166 99 163 112 193 190 287 758 742 1234 904 1005 1298 1400 1108 1336 1377 1078 1707 1592 1814 2000 1963 1970 1794 2833 2671 3439 3147 2822 3081 2035 2822 3201 3377 3248 3212 2678 2873 2633 2837 2552 3502 3646 2634 3302 3226 3920 3140 3072 3859 3388 3133 3430 3413 3077 2901 3518 3413 3471 2954 3338 2643 3100 3054 3220 2261 3256 3319 3318 2940 2712 2521 2762 3133 2573 2136 3291 2475 2583 2140 1812 2181 2126 2003 1965 1431 1791 1434 1159 1245 1017 1347 868 831 552 238 
0 40 40 172 102 147 101 193 164 290 722 800 1185 919 1101 1296 1436 1188 1306 1361 1045 1716 1572 1898 1994 1985 2042 1765 2782 2632 3471 3214 2946 3153 1964 2777 3167 3288 3242 3201 2689 2869 2578 2826 2479 3461 3624 2578 3242 3153 3911 3089 3004 3886 3423 3024 3448 3447 3032 2927 3443 3399 3447 2883 3338 2613 3058 3000 3224 2145 3177 3340 3334 2970 2704 2453 2828 3191 2541 2072 3318 2536 2531 2193 1797 2187 2087 2003 1946 1421 1797 1417 1132 1295 1060 1329 869 814 568 233 
0 30 34 151 110 149 105 191 154 275 673 778 1234 906 1064 1243 1366 1138 1361 1283 1029 1731 1532 1752 2017 2013 1926 1658 2809 2612 3530 3211 2873 3177 1969 2827 3237 3369 3288 3248 2620 2929 2602 2853 2475 3580 3644 2503 3234 3141 4002 3045 2996 3881 3354 3052 3467 3525 3063 2964 3508 3391 3453 2845 3356 2542 2936 2988 3313 2078 3163 3364 3437 3031 2622 2455 2784 3207 2542 2045 3458 2543 2623 2212 1713 2225 2091 2052 2044 1435 1800 1479 1163 1245 1042 1368 861 840 541 222 
0 30 30 124 102 127 95 190 136 256 701 717 1287 904 1077 1179 1324 1092 1383 1222 997 1712 1469 1737 1971 2050 1861 1517 2820 2614 3517 3245 2849 3192 1966 2887 3271 3479 3310 3269 2645 2909 2577 2839 2437 3640 3623 2462 3175 3168 4104 3064 3043 3952 3351 3078 3409 3487 3151 3045 3484 3459 3523 2869 3338 2538 2931 2914 3279 2000 3176 3430 3443 3030 2536 2524 2723 3178 2578 2043 3516 2546 2686 2186 1741 2258 2136 2030 2044 1459 1802 1487 1167 1188 992 1370 830 807 493 198 
0 24 34 162 117 127 117 200 135 268 698 724 1280 902 1108 1218 1296 1094 1381 1251 993 1700 1451 1718 1944 2047 1895 1527 2790 2518 3419 3146 2821 3111 1877 2834 3256 3382 3178 3268 2636 2851 2518 2825 2375 3674 3671 2392 3090 3128 4076 3034 3010 3963 3278 3052 3419 3525 3234 3112 3477 3484 3528 2890 3371 2436 2884 2921 3340 2043 3134 3441 3456 3024 2570 2542 2769 3170 2611 2102 3432 2545 2658 2268 1707 2277 2163 2025 2082 1484 1801 1494 1148 1167 1019 1352 815 815 490 191 
0 20 20 158 106 116 114 214 101 249 716 676 1318 910 1029 1190 1259 1071 1436 1223 1000 1708 1397 1601 1930 2054 1789 1467 2839 2426 3406 3056 2729 3073 1823 2849 3323 3495 3184 3281 2619 2811 2498 2817 2316 3757 3659 2355 3028 3125 4071 3025 2989 4019 3243 3068 3375 3547 3346 3100 3505 3442 3555 2801 3463 2270 2856 2850 3394 2051 3059 3443 3555 3113 2546 2499 2718 3215 2606 2043 3431 2581 2628 2291 1689 2279 2124 2028 2072 1486 1759 1520 1191 1052 1012 1351 757 821 444 176 
0 20 16 168 117 126 124 234 107 257 694 651 1320 957 1006 1178 1256 1104 1403 1232 1026 1755 1379 1652 2026 2081 1776 1404 2847 2402 3521 3001 2746 3120 1787 2772 3365 3525 3207 3318 2563 2795 2510 2815 2355 3762 3711 2320 3086 3121 4052 3162 3003 4213 3371 3222 3494 3714 3540 3075 3593 3472 3532 2824 3626 2221 2798 2906 3560 2169 3043 3503 3705 3253 2689 2460 2811 3173 2676 2024 3377 2701 2563 2383 1705 2364 2135 2079 2144 1543 1791 1561 1224 1032 1098 1383 784 870 470 191 
0 20 22 173 114 120 107 216 92 230 664 554 1323 983 942 1207 1209 1058 1429 1112 962 1689 1262 1531 2068 2102 1653 1371 2947 2431 3667 2985 2758 3183 1811 2775 3488 3585 3244 3424 2449 2809 2506 2770 2349 3855 3779 2271 3052 3106 4207 3179 3049 4312 3387 3241 3574 3707 3595 3141 3645 3494 3596 2797 3775 2164 2844 2858 3600 2128 3068 3528 3834 3328 2640 2475 2909 3217 2595 1975 3497 2708 2620 2341 1738 2418 2145 2111 2227 1568 1796 1582 1228 1003 1124 1438 788 907 467 175 
0 14 13 159 108 110 100 227 105 229 571 587 1317 1056 942 1205 1235 1084 1410 1046 990 1700 1268 1536 2102 2089 1631 1288 2823 2343 3685 2912 2764 3199 1823 2705 3441 3499 3201 3373 2437 2870 2432 2717 2237 3797 3691 2204 2992 3090 4084 3140 2987 4351 3350 3177 3586 3659 3529 2973 3653 3385 3479 2736 3847 2107 2774 2751 3669 2048 2931 3567 3892 3287 2569 2376 2904 3225 2521 1922 3486 2720 2564 2368 1736 2478 2048 2083 2178 1554 1745 1548 1226 1017 1101 1402 754 927 473 156 
0 10 8 165 110 111 108 252 105 230 599 560 1391 1126 949 1209 1231 1095 1421 1011 1004 1706 1241 1495 2157 2135 1566 1198 2814 2318 3784 2872 2749 3185 1773 2636 3464 3479 3194 3362 2318 2851 2435 2726 2212 3822 3715 2167 2907 3108 4174 3198 3021 4551 3409 3265 3630 3778 3675 2975 3690 3408 3509 2696 3979 2019 2729 2737 3763 2079 2872 3607 4078 3390 2581 2339 2914 3231 2563 1888 3541 2821 2527 2402 1741 2554 2033 2085 2222 1582 1732 1578 1238 993 1141 1435 755 960 492 136 
0 6 6 179 123 107 103 243 71 194 567 584 1377 1181 953 1237 1266 1139 1398 1028 1016 1728 1220 1559 2251 2186 1581 1249 2720 2308 3818 2807 2815 3200 1808 2552 3390 3396 3154 3376 2257 2830 2440 2692 2198 3761 3722 2143 2847 3060 4175 3158 2980 4781 3424 3327 3675 3775 3698 2961 3607 3375 3466 2709 3951 2038 2704 2730 3831 2092 2771 3596 4191 3380 2595 2284 2983 3246 2571 1872 3425 2844 2497 2403 1776 2597 2051 2016 2257 1619 1701 1582 1248 1026 1240 1449 779 1024 535 139 
0 10 11 199 138 120 102 246 68 187 609 517 1461 1277 922 1261 1307 1171 1436 984 974 1713 1138 1492 2308 2258 1442 1188 2798 2287 3761 2815 2833 3136 1762 2568 3441 3372 3047 3439 2101 2793 2473 2679 2143 3831 3772 2102 2837 2996 4279 3187 3044 5059 3396 3483 3651 3843 3881 3113 3630 3491 3519 2739 3996 1857 2684 2754 3924 2130 2742 3668 4428 3464 2550 2287 3017 3177 2582 1897 3511 2831 2550 2444 1770 2717 2110 2060 2372 1680 1696 1664 1291 965 1292 1515 761 1100 547 127 
0 8 10 198 138 114 102 246 86 185 620 523 1437 1206 944 1237 1158 1052 1509 956 886 1608 1050 1367 2178 2178 1373 1124 2841 2235 3710 2788 2745 3097 1747 2635 3411 3389 3022 3462 2030 2715 2375 2595 2051 3925 3667 2018 2687 2921 4315 2974 3009 4781 3183 3279 3513 3645 3685 3116 3585 3442 3573 2587 3936 1833 2624 2629 3691 2004 2787 3491 4199 3337 2406 2363 2914 3161 2476 1889 3666 2663 2611 2308 1689 2606 2181 2119 2373 1636 1700 1632 1199 909 1171 1501 788 1047 499 116 
0 6 6 189 143 105 101 271 102 178 637 513 1541 1329 916 1260 1234 1107 1506 934 917 1647 1061 1383 2291 2319 1332 1119 2875 2263 3785 2791 2818 3104 1773 2628 3439 3407 3029 3496 1937 2713 2420 2598 2019 3961 3685 2011 2667 2900 4355 3050 3021 5088 3283 3430 3536 3731 3827 3141 3603 3520 3563 2669 4026 1772 2608 2658 3860 2046 2759 3603 4509 3462 2393 2339 2986 3112 2561 1872 3689 2721 2675 2363 1717 2729 2162 2059 2463 1691 1680 1700 1281 892 1236 1570 754 1139 524 106 
0 2 1 191 153 103 102 272 98 176 685 500 1650 1311 820 1253 1101 1016 1574 907 932 1630 1065 1235 2346 2357 1222 1035 2946 2245 3834 2727 2706 3104 1850 2713 3575 3484 3077 3519 1838 2721 2430 2620 2059 4098 3749 2034 2649 2969 4448 3108 3127 5139 3276 3526 3540 3818 3942 3178 3692 3613 3723 2677 4162 1677 2569 2649 3937 2124 2819 3662 4666 3540 2386 2407 2948 3103 2605 1874 3796 2730 2692 2364 1742 2796 2175 2099 2512 1742 1676 1760 1282 747 1168 1594 748 1154 505 99 
0 0 0 228 182 120 123 314 149 202 723 505 1641 1228 807 1181 982 948 1563 885 868 1558 1018 1182 2285 2361 1193 990 2852 2186 3601 2609 2563 2919 1773 2688 3495 3361 2909 3461 1739 2581 2472 2631 2005 4043 3776 1968 2589 2889 4420 3048 3172 5117 3080 3547 3437 3729 4053 3304 3616 3660 3727 2590 4036 1594 2417 2651 3885 2090 2712 3579 4581 3402 2258 2413 2807 2994 2627 1911 3684 2669 2619 2382 1719 2729 2202 2120 2516 1724 1616 1753 1273 651 1113 1565 734 1132 500 96 
0 0 0 176 168 98 97 321 189 195 667 506 1678 1266 778 1197 1010 907 1612 827 895 1583 1050 1118 2394 2411 1123 942 2921 2170 3728 2626 2619 3036 1855 2726 3553 3392 3020 3452 1678 2603 2417 2579 2014 4134 3619 1929 2519 2963 4452 3046 3072 5219 3161 3512 3445 3730 3904 3133 3620 3675 3757 2526 4170 1606 2466 2494 3970 2033 2740 3677 4734 3473 2205 2393 2843 3025 2661 1876 3854 2644 2671 2326 1745 2814 2165 2066 2492 1734 1661 1754 1282 622 1073 1601 731 1179 521 86 
0 0 0 208 203 116 118 349 154 195 677 475 1731 1285 724 1194 1021 940 1551 878 928 1608 1064 1106 2442 2459 1060 922 2818 2055 3647 2462 2568 2968 1923 2561 3557 3310 2920 3380 1628 2604 2447 2576 2036 4099 3686 1957 2536 2951 4355 3157 3063 5367 3187 3696 3417 3873 4175 3052 3670 3612 3578 2559 4279 1472 2385 2606 4138 2205 2621 3712 4976 3489 2283 2290 2829 2935 2717 1851 3666 2753 2437 2490 1747 2879 2045 2012 2483 1740 1622 1769 1350 586 1108 1535 694 1207 548 83 
0 0 0 236 217 135 138 364 163 205 729 540 1684 1290 809 1203 1038 960 1582 953 887 1608 1053 1199 2327 2401 1163 978 2835 2123 3622 2575 2609 2970 1888 2650 3538 3336 2907 3462 1727 2581 2493 2613 1996 4127 3835 1952 2541 2892 4421 3094 3117 5241 3035 3654 3380 3778 4151 3205 3695 3655 3624 2545 4159 1558 2373 2698 4036 2130 2683 3615 4808 3421 2281 2354 2849 2959 2686 1904 3745 2753 2533 2479 1706 2825 2145 2100 2546 1733 1672 1745 1315 664 1122 1531 747 1177 535 84 
0 0 0 278 235 156 158 390 205 221 738 568 1589 1208 860 1172 945 951 1558 1010 796 1566 1001 1223 2135 2310 1199 991 2776 2106 3449 2614 2546 2876 1805 2653 3421 3311 2822 3466 1779 2544 2486 2616 1936 4117 3935 1944 2528 2809 4394 2949 3142 4948 2824 3485 3284 3621 4070 3335 3694 3594 3624 2425 4011 1587 2312 2723 3832 2055 2693 3448 4526 3252 2229 2368 2800 2952 2559 1943 3745 2684 2555 2421 1628 2701 2216 2164 2581 1681 1667 1692 1241 706 1099 1485 768 1102 496 87 
0 4 0 278 241 162 161 401 199 204 773 572 1681 1319 873 1223 1039 998 1605 1020 822 1596 1018 1208 2224 2423 1157 1020 2860 2181 3561 2704 2664 2951 1854 2721 3497 3394 2849 3584 1738 2565 2543 2634 1946 4217 3995 1953 2534 2780 4472 3016 3192 5234 2905 3631 3367 3698 4172 3420 3709 3690 3688 2544 4121 1563 2357 2758 3981 2117 2742 3576 4771 3389 2235 2426 2905 2978 2636 1985 3828 2752 2680 2476 1686 2838 2288 2168 2701 1768 1733 1755 1309 686 1179 1579 774 1175 520 81 
0 4 0 312 276 186 188 440 185 231 812 538 1753 1370 817 1238 1044 1012 1544 1040 815 1548 986 1192 2254 2504 1098 1021 2766 2145 3502 2625 2646 2878 1934 2670 3473 3320 2755 3584 1670 2533 2560 2666 1964 4137 4125 1977 2554 2734 4411 3083 3253 5366 2887 3784 3335 3761 4407 3443 3724 3728 3624 2627 4091 1455 2298 2866 4072 2215 2621 3589 4919 3344 2247 2387 2898 2882 2606 1963 3677 2825 2594 2549 1710 2853 2221 2108 2766 1777 1701 1775 1350 665 1237 1547 751 1199 519 64 
0 12 1 308 275 186 180 450 168 226 759 488 1755 1363 760 1233 1091 1067 1468 1036 838 1532 1030 1195 2292 2513 1076 1049 2668 2129 3455 2544 2635 2819 1903 2553 3355 3187 2686 3407 1624 2509 2554 2642 1985 3997 4064 2019 2515 2687 4256 3143 3178 5377 2943 3836 3301 3813 4442 3337 3645 3686 3454 2597 4036 1384 2246 2880 4134 2268 2513 3605 5017 3329 2230 2239 2900 2765 2626 1881 3484 2844 2477 2570 1700 2876 2063 1996 2703 1757 1667 1773 1371 661 1276 1531 703 1202 536 61 
0 12 2 330 282 190 186 465 192 230 764 441 1755 1356 749 1232 1068 1080 1456 1029 821 1503 967 1155 2248 2553 1016 1072 2660 2146 3497 2521 2647 2803 1955 2528 3378 3169 2669 3420 1561 2534 2556 2654 1978 4027 4155 2019 2535 2678 4268 3158 3227 5404 2942 3867 3301 3854 4550 3345 3662 3698 3453 2612 4049 1366 2235 2932 4156 2278 2497 3584 5067 3308 2240 2252 2914 2778 2580 1860 3443 2891 2460 2587 1701 2861 2054 1983 2753 1764 1658 1790 1386 661 1301 1530 698 1217 525 56 
0 12 2 266 265 162 159 458 189 202 735 489 1823 1460 762 1279 1162 1072 1472 979 849 1535 1057 1133 2372 2605 964 1049 2702 2206 3611 2575 2759 2877 2016 2570 3399 3111 2723 3412 1513 2519 2489 2576 1977 4031 3938 1964 2473 2695 4271 3118 3092 5562 3082 3866 3337 3840 4333 3205 3581 3746 3452 2673 4125 1377 2263 2791 4242 2213 2549 3704 5226 3422 2199 2232 2980 2774 2619 1822 3547 2847 2574 2513 1734 2968 2009 1900 2720 1816 1665 1823 1406 667 1289 1597 672 1305 553 51 
0 4 4 258 257 156 156 451 193 211 699 512 1856 1490 735 1305 1163 1102 1431 958 880 1545 1063 1159 2447 2632 974 1032 2633 2144 3580 2492 2772 2836 2104 2480 3389 2986 2664 3377 1471 2550 2485 2587 1950 3977 3910 1952 2465 2718 4167 3201 3079 5695 3136 3926 3348 3944 4465 3125 3559 3694 3368 2694 4192 1304 2214 2810 4340 2286 2474 3707 5370 3407 2197 2138 2961 2714 2647 1801 3414 2903 2422 2548 1753 3004 1895 1817 2664 1818 1612 1853 1446 641 1294 1556 632 1326 591 53 
0 4 4 256 268 163 163 489 243 227 761 567 1949 1564 739 1325 1181 1088 1449 960 906 1577 1105 1104 2492 2682 918 988 2602 2127 3528 2436 2761 2772 2183 2467 3430 2928 2602 3372 1375 2529 2468 2608 1964 3980 3897 1904 2444 2706 4124 3229 3097 5831 3159 4015 3322 3992 4569 3109 3550 3737 3364 2764 4283 1214 2143 2803 4441 2342 2420 3787 5545 3391 2157 2141 2925 2647 2700 1812 3399 2920 2374 2595 1762 3068 1871 1778 2691 1846 1586 1902 1505 582 1271 1556 592 1368 615 51 
0 4 6 294 282 179 180 465 189 215 757 545 1912 1493 737 1302 1086 1059 1438 979 892 1567 1067 1067 2437 2615 894 982 2570 2075 3467 2388 2726 2748 2194 2426 3424 2942 2549 3362 1346 2513 2495 2591 1951 3990 3990 1893 2438 2672 4100 3202 3101 5734 3039 3998 3288 3948 4667 3129 3584 3668 3326 2679 4267 1170 2128 2832 4405 2389 2396 3754 5512 3341 2162 2148 2892 2670 2682 1807 3353 2930 2306 2654 1715 3024 1866 1789 2704 1833 1591 1867 1490 542 1265 1493 595 1327 597 48 
0 6 10 282 287 184 187 477 222 222 778 604 1923 1541 766 1331 1137 1085 1423 1016 917 1586 1117 1120 2503 2597 940 987 2534 2086 3493 2371 2771 2774 2180 2422 3369 2885 2523 3324 1350 2529 2494 2579 1946 3928 3940 1866 2412 2642 4056 3174 3051 5774 3044 3994 3271 3958 4596 3059 3562 3660 3257 2670 4274 1196 2115 2800 4459 2377 2356 3761 5588 3330 2158 2101 2920 2638 2677 1789 3353 2909 2296 2668 1705 3053 1824 1741 2661 1821 1586 1850 1486 558 1278 1485 595 1339 612 49 
0 6 11 273 308 191 185 508 241 212 809 580 1984 1611 816 1354 1165 1080 1488 1021 862 1578 1089 1073 2476 2606 863 982 2631 2165 3505 2428 2858 2805 2220 2540 3455 2982 2574 3449 1341 2536 2501 2587 1933 4064 3926 1896 2427 2668 4139 3101 3085 5836 3024 3993 3258 3905 4559 3122 3560 3754 3350 2698 4305 1177 2143 2780 4466 2365 2449 3809 5636 3365 2075 2189 2959 2681 2692 1813 3528 2883 2437 2653 1709 3074 1938 1787 2751 1862 1611 1888 1513 567 1280 1544 608 1366 605 45 
0 19 16 229 302 175 159 519 252 202 760 588 2015 1636 764 1349 1174 1068 1432 956 883 1551 1103 989 2532 2635 802 935 2552 2081 3524 2317 2852 2765 2281 2440 3405 2830 2546 3295 1203 2519 2386 2481 1903 3935 3698 1835 2343 2636 3971 3065 2941 5862 3068 3963 3178 3873 4388 2875 3424 3681 3220 2675 4283 1100 2098 2630 4500 2319 2334 3829 5723 3318 2003 2088 2912 2593 2659 1688 3423 2816 2352 2588 1705 3072 1786 1620 2631 1849 1536 1872 1518 522 1236 1523 559 1397 620 42 
0 17 17 191 305 160 140 534 203 178 659 594 2209 1738 665 1418 1231 1136 1408 876 960 1589 1148 912 2800 2749 728 904 2540 2005 3699 2165 2933 2839 2474 2324 3473 2767 2598 3210 1066 2619 2365 2456 1912 3885 3550 1847 2335 2729 3895 3250 2852 6208 3302 4182 3249 4111 4503 2645 3401 3693 3129 2739 4516 991 2130 2595 4855 2513 2230 4077 6273 3463 2056 1987 3000 2564 2785 1577 3305 2897 2231 2700 1795 3289 1586 1437 2589 1931 1494 1934 1620 445 1255 1530 495 1520 681 35 
0 10 24 254 317 187 181 540 177 222 674 607 2180 1667 631 1373 1168 1194 1356 897 962 1552 1084 955 2680 2678 780 951 2417 1945 3595 2182 2858 2798 2437 2234 3373 2725 2488 3148 1106 2646 2432 2530 1917 3815 3769 1879 2384 2699 3840 3306 2962 6035 3206 4155 3248 4127 4706 2768 3462 3620 3090 2724 4482 983 2067 2743 4792 2590 2182 3974 6137 3356 2115 1935 2945 2567 2734 1578 3142 2973 2101 2763 1754 3205 1555 1470 2594 1890 1487 1893 1590 470 1288 1460 504 1455 661 38 
0 17 31 256 347 206 185 575 175 230 666 653 2312 1748 613 1420 1196 1233 1341 902 1020 1556 1115 930 2837 2790 719 946 2393 1917 3703 2110 2945 2850 2604 2194 3400 2705 2496 3123 1043 2733 2482 2578 1946 3855 3836 1954 2458 2797 3862 3451 3008 6338 3350 4356 3315 4314 4906 2729 3534 3719 3101 2844 4663 953 2091 2807 5058 2722 2142 4166 6524 3436 2165 1921 3042 2574 2850 1593 3111 3091 2048 2880 1823 3315 1490 1410 2647 1945 1507 1960 1674 452 1341 1464 481 1544 706 36 
0 23 30 237 367 205 174 611 174 212 622 703 2394 1794 579 1396 1208 1257 1289 888 999 1493 1097 903 2851 2754 641 904 2336 1847 3607 2031 2918 2812 2652 2113 3281 2564 2399 2998 982 2703 2406 2488 1870 3710 3653 1912 2372 2752 3692 3387 2918 6326 3355 4347 3223 4243 4790 2593 3419 3659 3007 2825 4609 874 2024 2710 5052 2687 2054 4142 6520 3350 2082 1821 2999 2478 2791 1508 3023 3017 1986 2827 1801 3304 1356 1304 2586 1916 1455 1946 1676 447 1304 1425 433 1563 709 26 
0 13 34 231 378 193 169 636 139 207 522 731 2606 1856 457 1412 1183 1343 1222 826 1065 1462 1098 857 3055 2758 572 844 2222 1697 3572 1829 2893 2806 2807 1910 3226 2411 2326 2860 858 2789 2436 2504 1866 3589 3636 1906 2367 2801 3555 3549 2902 6570 3482 4529 3212 4452 5002 2436 3389 3622 2879 2903 4771 727 1985 2730 5328 2889 1875 4291 6944 3333 2138 1691 3008 2379 2883 1452 2768 3129 1718 2941 1848 3410 1141 1133 2526 1945 1397 1989 1757 360 1316 1340 375 1633 763 25 
0 24 31 232 364 205 157 599 179 230 592 842 2542 1780 534 1428 1111 1331 1311 851 1031 1471 1142 908 2976 2780 654 863 2352 1857 3645 1994 2958 2847 2841 2146 3329 2556 2455 3062 989 2836 2469 2588 1873 3778 3728 1947 2388 2812 3762 3452 3025 6508 3447 4449 3259 4374 4983 2626 3471 3725 3062 2913 4804 867 2001 2768 5215 2795 2066 4295 6806 3323 2077 1839 2996 2503 2907 1541 3040 3101 1904 2886 1850 3355 1295 1274 2591 1965 1464 2015 1727 393 1279 1397 428 1594 736 29 
0 28 26 239 372 243 161 610 181 236 577 885 2477 1742 530 1380 1107 1348 1249 826 1009 1444 1121 943 2900 2688 668 852 2258 1802 3527 1932 2891 2747 2727 2030 3178 2450 2334 2957 978 2756 2429 2517 1784 3642 3633 1861 2319 2728 3631 3363 2927 6334 3355 4324 3188 4286 4882 2542 3394 3587 2934 2817 4655 837 1932 2718 5087 2745 1977 4169 6617 3229 2032 1741 2920 2442 2830 1487 2887 3044 1803 2814 1802 3264 1240 1222 2512 1913 1402 1952 1682 408 1272 1355 412 1549 727 36 
0 35 34 219 388 244 160 611 205 242 577 965 2517 1759 577 1409 1114 1354 1276 826 1009 1469 1146 966 2981 2706 683 844 2304 1840 3604 1958 2967 2798 2790 2072 3211 2459 2378 3007 981 2790 2419 2524 1762 3707 3566 1844 2298 2750 3682 3351 2926 6446 3402 4338 3235 4265 4856 2537 3401 3650 2977 2863 4766 888 1959 2697 5142 2720 2041 4244 6748 3263 1986 1789 2950 2476 2902 1479 3031 3029 1865 2810 1820 3298 1236 1233 2536 1938 1419 1980 1689 419 1246 1370 403 1580 742 32 
0 38 34 255 411 299 180 633 230 274 638 1131 2461 1681 629 1390 1062 1382 1260 904 1011 1450 1188 1127 2935 2671 846 888 2275 1892 3621 2013 2943 2801 2772 2152 3158 2497 2372 3068 1147 2837 2487 2588 1770 3708 3712 1863 2299 2728 3730 3302 3006 6263 3283 4299 3198 4198 4873 2650 3491 3643 2999 2778 4663 1002 1924 2782 5023 2680 2067 4094 6515 3165 1996 1826 2914 2527 2849 1502 3035 3010 1860 2786 1791 3218 1274 1313 2539 1891 1423 1937 1635 471 1231 1329 444 1502 714 44 
0 30 36 278 422 310 198 627 213 284 667 1176 2508 1662 607 1417 1026 1418 1256 925 1016 1438 1186 1112 2962 2723 848 877 2256 1862 3677 2011 2922 2792 2832 2097 3188 2480 2378 3086 1108 2882 2533 2631 1767 3722 3872 1876 2321 2733 3759 3328 3085 6330 3268 4369 3237 4226 5062 2698 3562 3650 2983 2794 4729 994 1915 2859 5084 2755 2049 4132 6600 3156 2029 1844 2933 2540 2896 1496 3004 3080 1806 2863 1812 3228 1251 1321 2579 1909 1443 1942 1652 444 1248 1300 443 1502 720 43 
0 22 33 331 461 373 231 645 253 317 808 1195 2419 1595 699 1389 982 1406 1263 1000 942 1402 1148 1159 2776 2689 924 920 2258 1910 3606 2091 2845 2719 2723 2162 3168 2572 2334 3158 1202 2809 2566 2686 1756 3760 4079 1879 2327 2651 3814 3244 3192 6123 3026 4299 3208 4087 5139 2911 3638 3639 3010 2703 4607 1027 1877 2974 4875 2730 2093 3968 6288 3066 2014 1933 2872 2564 2835 1524 3059 3057 1862 2828 1753 3094 1406 1468 2665 1880 1446 1912 1608 472 1256 1276 496 1419 674 46 
0 32 29 346 483 399 240 666 276 340 826 1263 2443 1600 725 1402 984 1460 1268 1040 932 1419 1177 1226 2771 2694 962 959 2270 1946 3644 2135 2914 2763 2756 2163 3166 2569 2322 3192 1256 2863 2594 2715 1748 3804 4146 1907 2366 2673 3822 3243 3223 6140 3040 4316 3253 4115 5173 2959 3704 3666 3050 2745 4666 1078 1890 3032 4914 2739 2138 3994 6331 3072 2038 1947 2913 2624 2859 1558 3114 3095 1893 2849 1744 3123 1412 1499 2701 1897 1468 1921 1622 515 1278 1280 515 1425 684 49 
0 21 23 299 486 405 228 644 285 313 836 1321 2501 1699 774 1455 1061 1467 1311 1000 956 1404 1197 1169 2805 2683 898 923 2320 1973 3698 2154 3021 2819 2836 2210 3185 2528 2324 3199 1251 2901 2527 2675 1710 3832 3943 1844 2334 2678 3793 3151 3129 6232 3101 4259 3228 4035 4968 2842 3634 3676 3060 2774 4702 1095 1904 2896 4914 2633 2184 4030 6360 3102 1947 1957 2959 2628 2836 1553 3244 3038 1980 2763 1757 3154 1419 1456 2676 1917 1483 1948 1631 534 1249 1314 515 1474 694 46 
0 17 15 295 522 441 242 637 300 304 924 1396 2432 1655 866 1405 1001 1402 1373 1023 939 1366 1226 1144 2675 2593 892 882 2364 2026 3636 2180 2969 2787 2749 2323 3201 2565 2320 3222 1277 2839 2480 2647 1662 3872 3930 1784 2282 2630 3804 2938 3106 6020 2913 4095 3194 3824 4769 2876 3639 3630 3099 2686 4648 1124 1884 2804 4701 2536 2264 3974 6100 3068 1842 2041 2874 2682 2798 1592 3432 2927 2097 2671 1689 3059 1522 1554 2675 1890 1487 1914 1591 509 1182 1316 541 1402 656 49 
0 19 19 267 585 479 259 657 333 285 999 1473 2443 1733 974 1421 1047 1386 1458 1019 924 1364 1292 1135 2649 2595 888 886 2418 2129 3707 2195 3085 2842 2793 2460 3229 2608 2317 3254 1318 2860 2423 2631 1639 3948 3832 1748 2271 2621 3832 2801 3081 6052 2881 4049 3201 3686 4573 2861 3623 3682 3150 2676 4678 1191 1883 2717 4642 2436 2360 3954 6044 3103 1756 2101 2919 2724 2762 1617 3657 2854 2291 2562 1682 3049 1605 1585 2710 1922 1501 1936 1575 536 1152 1362 554 1423 649 43 
0 19 15 255 594 473 268 665 354 285 1040 1468 2387 1738 1024 1414 1065 1382 1455 1019 913 1349 1297 1158 2537 2577 907 882 2436 2159 3719 2227 3097 2848 2744 2496 3208 2592 2305 3241 1361 2877 2382 2623 1613 3965 3810 1733 2258 2594 3861 2712 3080 5943 2871 3962 3175 3611 4460 2873 3605 3665 3155 2660 4616 1236 1878 2695 4541 2340 2389 3890 5875 3088 1701 2108 2917 2738 2689 1604 3712 2811 2390 2474 1659 3006 1636 1613 2702 1910 1521 1927 1548 579 1143 1374 559 1401 630 39 
0 24 15 298 570 450 269 638 318 307 957 1438 2483 1738 868 1397 963 1454 1367 985 977 1290 1210 1109 2613 2613 886 848 2335 1999 3692 2134 3002 2810 2841 2296 3170 2497 2261 3142 1270 2975 2457 2717 1638 3875 4001 1732 2291 2613 3827 2883 3217 6096 2967 4171 3183 3756 4851 2873 3617 3638 3055 2742 4710 1159 1796 2838 4738 2544 2207 3939 6111 3030 1738 2030 2905 2646 2743 1565 3396 2922 2099 2595 1701 3023 1487 1507 2697 1911 1499 1933 1599 510 1190 1286 524 1418 658 37 
0 20 16 306 529 442 263 602 285 306 912 1391 2492 1724 791 1394 955 1485 1297 949 1017 1262 1189 1089 2605 2627 880 830 2235 1940 3690 2075 2998 2769 2883 2151 3107 2417 2192 3069 1213 2992 2431 2728 1598 3757 4027 1725 2266 2600 3730 2935 3204 6184 2976 4222 3168 3794 4970 2800 3585 3544 2925 2759 4682 1116 1742 2875 4782 2608 2077 3932 6187 2983 1745 1922 2906 2565 2756 1508 3183 2962 1923 2603 1701 3016 1380 1402 2667 1901 1465 1916 1601 497 1225 1227 493 1429 669 37 
0 15 19 256 518 413 249 571 246 281 823 1374 2593 1830 776 1427 1043 1532 1291 879 1063 1263 1187 992 2715 2635 787 799 2237 1927 3750 1987 3128 2840 2967 2067 3080 2299 2157 2979 1139 3050 2372 2657 1565 3729 3825 1695 2283 2645 3660 2936 3094 6363 3172 4261 3188 3821 4879 2623 3500 3525 2858 2840 4765 1093 1760 2777 4898 2588 2043 4029 6404 3053 1710 1842 2984 2530 2791 1471 3178 2973 1925 2567 1731 3097 1290 1271 2628 1940 1462 1945 1651 519 1245 1254 445 1522 710 34 
0 26 24 248 522 419 255 564 286 299 820 1423 2567 1848 793 1436 1084 1560 1259 879 1057 1273 1220 1043 2740 2672 816 808 2190 1969 3801 1995 3203 2861 2996 2038 3015 2238 2089 2937 1204 3085 2390 2667 1566 3673 3788 1704 2300 2653 3618 2934 3091 6446 3275 4292 3231 3829 4881 2591 3497 3530 2811 2868 4762 1162 1742 2806 4932 2556 2025 4030 6427 3050 1685 1795 3029 2512 2775 1450 3131 2984 1903 2512 1741 3088 1244 1213 2609 1944 1449 1956 1651 578 1272 1255 424 1549 730 32 
0 14 25 254 548 476 276 581 298 298 910 1526 2459 1822 903 1421 1103 1503 1296 911 1001 1259 1249 1099 2637 2606 890 849 2183 2039 3781 2054 3194 2835 2876 2146 2975 2274 2065 2961 1326 3029 2408 2628 1534 3704 3743 1691 2259 2596 3639 2786 3059 6272 3154 4157 3184 3654 4667 2630 3473 3524 2845 2798 4609 1263 1722 2751 4728 2395 2089 3890 6127 3009 1620 1830 2984 2518 2698 1459 3242 2883 2026 2383 1689 2994 1332 1287 2602 1918 1448 1932 1586 625 1251 1282 449 1482 704 36 
0 14 24 262 531 443 277 555 276 304 880 1530 2582 1897 889 1440 1102 1596 1286 904 1069 1277 1247 1078 2717 2660 894 829 2231 2057 3854 2038 3240 2900 3000 2109 3060 2285 2104 2994 1304 3124 2468 2716 1531 3740 3872 1726 2318 2652 3693 2848 3159 6449 3254 4298 3237 3726 4862 2639 3506 3559 2830 2881 4760 1238 1697 2831 4881 2495 2076 3990 6321 3034 1614 1827 3053 2530 2765 1438 3207 2974 1945 2441 1726 3033 1304 1259 2651 1948 1446 1972 1640 613 1272 1276 442 1519 724 31 
0 14 31 291 530 443 286 550 306 312 898 1440 2540 1900 932 1456 1115 1626 1279 929 1048 1287 1205 1110 2672 2688 911 879 2206 2095 3930 2115 3360 2958 3015 2095 3084 2281 2099 3088 1365 3139 2502 2719 1575 3798 4000 1772 2410 2680 3694 2883 3234 6518 3277 4381 3329 3722 4966 2733 3574 3573 2815 2951 4790 1310 1718 2939 4913 2528 2104 3961 6323 3030 1674 1830 3137 2568 2757 1464 3217 3037 1958 2439 1738 2989 1349 1267 2743 1976 1482 1970 1641 711 1380 1283 459 1539 731 31 
0 12 29 288 568 496 319 569 327 310 1029 1497 2472 1851 1032 1451 1115 1532 1342 968 1008 1258 1261 1084 2585 2653 915 862 2241 2145 3844 2126 3246 2869 2918 2222 3097 2327 2089 3095 1365 3022 2454 2712 1506 3804 3948 1707 2327 2599 3711 2702 3197 6339 3080 4204 3224 3532 4784 2770 3545 3557 2880 2849 4687 1321 1683 2816 4707 2394 2172 3857 6067 2974 1551 1902 3027 2570 2702 1477 3352 2919 2074 2318 1691 2885 1454 1348 2728 1955 1473 1956 1590 648 1283 1293 474 1468 680 34 
0 16 30 286 558 489 320 563 279 295 957 1445 2515 1907 985 1464 1127 1614 1301 923 1028 1272 1224 1071 2640 2669 883 850 2221 2109 3913 2105 3333 2936 2994 2111 3071 2261 2072 3031 1332 3101 2457 2728 1504 3775 3912 1728 2376 2673 3681 2747 3188 6520 3249 4293 3261 3582 4843 2702 3515 3519 2818 2942 4780 1335 1677 2814 4837 2458 2102 3926 6240 3000 1544 1809 3099 2535 2716 1450 3263 2981 1983 2323 1722 2930 1355 1241 2722 1977 1459 1961 1630 682 1340 1294 431 1523 713 34 
0 6 27 286 521 472 305 536 254 294 923 1467 2553 1902 925 1450 1089 1638 1257 892 1038 1247 1188 1044 2636 2642 870 837 2178 2058 3890 2044 3290 2923 3000 2002 3004 2197 2034 2991 1309 3108 2438 2757 1486 3709 3898 1716 2361 2676 3598 2771 3210 6543 3275 4300 3253 3590 4918 2677 3493 3480 2760 2961 4809 1314 1627 2823 4876 2515 2041 3942 6308 2986 1535 1761 3088 2517 2722 1434 3157 3017 1872 2343 1728 2925 1308 1203 2701 1971 1463 1959 1645 664 1356 1256 441 1531 730 35 
0 8 32 256 534 465 307 516 241 282 894 1471 2616 1938 937 1461 1097 1650 1275 883 1090 1246 1232 1022 2688 2662 826 804 2218 2058 3965 1967 3379 2981 3064 1995 3008 2154 2035 2946 1279 3186 2411 2764 1475 3735 3838 1709 2396 2707 3603 2757 3190 6656 3384 4323 3277 3591 4862 2583 3461 3496 2765 3023 4900 1343 1639 2774 4962 2513 2025 4009 6425 3049 1472 1732 3139 2508 2737 1416 3220 3025 1899 2308 1747 2952 1268 1154 2695 2011 1463 1989 1672 674 1366 1281 409 1570 746 34 
0 6 29 272 471 415 285 464 212 291 816 1454 2689 1966 809 1456 1066 1732 1185 844 1156 1236 1173 987 2714 2665 837 787 2122 1947 3975 1931 3325 2971 3146 1794 2966 2030 1997 2883 1221 3235 2435 2842 1465 3595 3908 1706 2404 2737 3497 2854 3243 6774 3491 4418 3274 3646 5073 2540 3424 3384 2612 3098 4948 1314 1539 2860 5056 2647 1868 4037 6498 2981 1431 1602 3138 2444 2726 1344 2936 3096 1590 2349 1757 2917 1124 1035 2650 1985 1428 1969 1699 652 1415 1202 393 1583 773 34 
0 17 35 238 472 445 284 454 195 270 804 1548 2743 2037 831 1501 1105 1764 1217 816 1190 1269 1198 984 2812 2697 806 778 2168 1971 4094 1922 3480 3105 3235 1812 2990 2008 2027 2849 1238 3318 2406 2826 1459 3611 3754 1691 2420 2824 3488 2809 3192 6960 3636 4445 3315 3626 4951 2441 3418 3369 2615 3169 5080 1381 1570 2751 5160 2606 1902 4114 6623 3067 1384 1557 3232 2463 2746 1334 3025 3104 1649 2299 1798 2959 1097 967 2638 2036 1422 1981 1707 686 1428 1248 359 1640 800 35 
0 12 31 233 441 415 260 421 181 272 725 1571 2835 2102 747 1497 1102 1851 1194 782 1243 1280 1174 963 2865 2726 809 773 2179 1934 4174 1930 3569 3169 3290 1712 2988 1969 2038 2825 1234 3401 2414 2881 1440 3581 3780 1709 2473 2887 3467 2843 3213 7095 3827 4536 3352 3665 5006 2390 3397 3321 2555 3267 5172 1413 1551 2770 5270 2658 1846 4160 6758 3074 1320 1473 3294 2436 2759 1310 2931 3153 1496 2281 1821 2964 1010 899 2631 2055 1429 1987 1738 722 1479 1236 335 1691 830 32 
0 8 38 235 443 437 275 422 189 275 749 1574 2774 2037 766 1506 1069 1807 1199 790 1255 1296 1211 976 2859 2734 830 763 2175 1936 4132 1890 3460 3092 3251 1758 3006 1975 2041 2784 1235 3371 2409 2911 1428 3560 3788 1710 2457 2880 3499 2823 3210 7039 3740 4498 3318 3640 4976 2389 3391 3322 2591 3180 5151 1408 1530 2715 5231 2656 1837 4122 6683 3056 1311 1473 3219 2437 2719 1282 2949 3119 1510 2266 1816 2936 1010 911 2604 2041 1397 1984 1708 661 1419 1226 339 1646 809 37 
0 8 40 239 465 463 302 415 181 278 761 1613 2759 2062 819 1504 1093 1809 1212 799 1242 1336 1200 1010 2833 2730 857 779 2218 1986 4199 1942 3522 3141 3250 1800 3033 1999 2055 2788 1277 3375 2409 2893 1407 3558 3751 1701 2459 2859 3505 2743 3188 7020 3730 4466 3325 3537 4876 2398 3378 3334 2584 3133 5133 1457 1527 2672 5166 2603 1871 4089 6579 3067 1270 1454 3248 2439 2687 1249 3021 3090 1572 2191 1806 2892 1045 925 2617 2046 1383 1985 1686 703 1427 1250 325 1639 802 36 
0 8 40 270 489 506 327 430 201 289 867 1593 2571 1938 947 1457 1092 1730 1224 902 1148 1363 1209 1144 2652 2679 958 873 2216 2100 4212 2128 3548 3099 3095 1908 3018 2085 2023 2918 1464 3294 2443 2846 1431 3610 3817 1741 2470 2741 3524 2639 3157 6715 3514 4326 3313 3389 4727 2551 3398 3306 2601 3009 4915 1583 1577 2726 4932 2475 1970 3880 6174 3016 1342 1503 3252 2472 2581 1269 3128 3035 1734 2092 1738 2767 1180 1036 2665 2014 1406 1941 1612 826 1483 1277 359 1549 760 48 
0 16 34 256 521 544 331 458 242 290 960 1625 2472 1935 1076 1414 1170 1674 1263 970 1087 1398 1255 1219 2621 2648 1008 937 2276 2254 4266 2226 3690 3143 3060 2075 3003 2166 2003 3012 1606 3223 2455 2792 1476 3716 3762 1743 2484 2730 3564 2519 3110 6567 3452 4271 3322 3283 4483 2600 3419 3380 2683 2981 4842 1697 1641 2688 4798 2329 2091 3813 5999 3058 1355 1603 3290 2516 2550 1336 3375 2964 1976 1983 1711 2755 1324 1124 2707 2030 1431 1944 1587 927 1497 1357 360 1523 750 50 
0 16 31 253 568 566 360 479 270 287 1027 1601 2390 1915 1172 1376 1194 1623 1297 982 1031 1397 1275 1248 2497 2590 1036 967 2303 2327 4256 2314 3685 3115 2999 2141 3000 2218 1972 3056 1668 3166 2444 2732 1460 3762 3758 1764 2503 2701 3574 2463 3074 6433 3337 4209 3306 3196 4360 2668 3432 3382 2700 2900 4728 1731 1667 2672 4665 2250 2149 3714 5805 3065 1389 1634 3279 2535 2496 1318 3485 2918 2115 1922 1664 2704 1399 1173 2721 2023 1409 1923 1551 970 1500 1381 366 1482 719 52 
0 24 26 262 574 559 354 481 268 275 1105 1569 2331 1914 1273 1333 1235 1595 1321 1062 971 1414 1293 1337 2404 2556 1087 1047 2354 2452 4313 2426 3802 3173 2936 2203 3027 2289 1959 3174 1796 3148 2508 2686 1487 3837 3827 1817 2563 2635 3605 2403 3070 6278 3288 4186 3324 3122 4240 2758 3449 3377 2690 2863 4615 1831 1731 2728 4566 2159 2222 3630 5597 3063 1450 1670 3331 2552 2452 1341 3597 2908 2232 1855 1631 2648 1501 1241 2767 2030 1429 1910 1534 1091 1565 1424 365 1446 707 46 
0 12 21 236 591 551 339 492 270 243 1112 1446 2150 1872 1358 1294 1297 1541 1341 1054 881 1426 1264 1446 2263 2464 1085 1134 2354 2562 4352 2517 4017 3210 2775 2206 2878 2292 1880 3157 1960 3079 2451 2500 1475 3857 3716 1812 2615 2511 3502 2248 2954 6058 3267 4041 3350 2966 3932 2730 3409 3327 2633 2841 4443 1959 1822 2673 4371 1975 2296 3425 5351 3073 1520 1624 3423 2524 2345 1369 3722 2858 2442 1714 1569 2585 1590 1272 2794 2025 1475 1856 1480 1312 1681 1481 346 1443 704 41 
0 24 22 227 609 536 343 487 260 237 1131 1485 2217 1921 1387 1301 1339 1548 1372 1100 921 1451 1328 1458 2338 2564 1132 1142 2436 2633 4443 2560 4095 3258 2837 2285 2984 2341 1918 3218 1970 3141 2504 2576 1491 3937 3788 1847 2638 2566 3582 2270 3007 6178 3322 4124 3394 3017 4017 2770 3467 3440 2695 2892 4550 1984 1847 2694 4471 2024 2322 3550 5486 3175 1492 1672 3479 2553 2394 1385 3839 2891 2501 1744 1589 2634 1622 1299 2836 2080 1507 1914 1511 1292 1683 1516 330 1469 713 31 
0 28 17 186 586 518 308 471 266 208 1083 1487 2219 1928 1370 1264 1379 1535 1369 1080 938 1453 1343 1450 2336 2536 1101 1128 2428 2602 4417 2512 4112 3262 2847 2245 2932 2289 1872 3086 1943 3124 2448 2531 1453 3902 3656 1796 2611 2537 3530 2188 2906 6171 3355 4056 3324 2943 3857 2677 3397 3429 2665 2882 4515 1993 1842 2556 4426 1938 2297 3523 5494 3181 1413 1640 3450 2516 2366 1382 3852 2834 2499 1664 1574 2627 1600 1269 2780 2074 1501 1899 1514 1295 1657 1523 306 1483 715 30 
0 24 14 176 574 526 300 460 268 210 1077 1578 2307 1982 1309 1283 1358 1535 1359 1029 1006 1478 1368 1442 2424 2584 1107 1074 2490 2547 4427 2415 3995 3252 2896 2197 2979 2239 1904 2991 1863 3143 2424 2569 1421 3786 3621 1788 2552 2610 3500 2167 2894 6228 3381 4080 3270 2939 3883 2583 3358 3378 2640 2856 4578 1937 1772 2429 4488 2015 2201 3611 5504 3143 1332 1548 3367 2471 2343 1297 3745 2817 2329 1674 1601 2640 1490 1186 2713 2050 1422 1891 1540 1181 1575 1486 275 1471 720 40 
0 32 16 216 471 472 266 396 213 219 977 1544 2383 1978 1167 1318 1284 1640 1265 1002 1074 1501 1290 1489 2496 2685 1165 1086 2442 2453 4533 2508 3957 3273 2976 2019 3008 2152 1930 3040 1854 3269 2531 2669 1461 3696 3809 1899 2618 2732 3480 2358 3017 6410 3530 4276 3305 3093 4200 2599 3403 3286 2543 2929 4679 1926 1724 2560 4692 2180 2065 3653 5619 3089 1415 1410 3403 2416 2349 1198 3443 2947 2024 1767 1639 2659 1339 1079 2703 2047 1380 1886 1584 1191 1648 1409 269 1507 758 40 
0 28 15 173 399 375 227 344 188 194 826 1499 2587 2139 1013 1368 1319 1754 1212 894 1194 1518 1229 1447 2674 2825 1129 1034 2499 2323 4693 2395 4049 3441 3092 1836 3055 2024 1976 2849 1746 3401 2459 2704 1420 3563 3695 1907 2643 2874 3384 2349 3028 6696 3860 4396 3350 3153 4333 2419 3324 3190 2422 3069 4892 1883 1692 2456 4927 2252 1951 3796 5912 3125 1294 1219 3474 2358 2342 1079 3261 3030 1771 1772 1705 2720 1159 902 2654 2073 1366 1909 1658 1177 1680 1390 214 1633 825 28 
0 52 16 215 363 381 232 331 186 212 835 1457 2495 2063 1043 1344 1297 1758 1196 933 1141 1534 1180 1555 2565 2793 1182 1122 2465 2391 4781 2625 4146 3438 3077 1813 3011 2042 1947 3029 1846 3432 2514 2645 1468 3593 3817 1988 2732 2844 3349 2421 3063 6595 3809 4381 3384 3180 4336 2502 3368 3138 2363 3048 4794 1983 1738 2577 4883 2233 1970 3665 5746 3065 1439 1196 3525 2356 2295 1081 3208 3063 1752 1742 1682 2662 1190 916 2683 2059 1360 1861 1620 1326 1794 1382 230 1608 823 31 
0 72 15 228 387 380 234 349 195 203 839 1432 2447 2024 1019 1298 1269 1733 1175 972 1146 1542 1166 1643 2525 2830 1230 1163 2465 2412 4819 2733 4120 3416 3057 1820 3051 2073 1920 3108 1852 3462 2571 2687 1493 3616 3966 2058 2769 2901 3375 2488 3158 6588 3768 4435 3410 3203 4477 2627 3423 3172 2389 3041 4775 1981 1740 2655 4899 2275 1963 3632 5690 3060 1494 1195 3517 2374 2268 1081 3194 3092 1754 1782 1687 2650 1214 955 2714 2056 1359 1864 1619 1348 1817 1375 246 1587 818 31 
0 68 13 262 419 387 257 366 195 216 909 1339 2296 1929 1098 1246 1283 1699 1167 1041 1063 1535 1161 1716 2364 2768 1297 1239 2422 2517 4814 2870 4169 3387 2974 1856 3009 2118 1902 3231 1947 3409 2592 2629 1521 3681 4090 2095 2816 2793 3352 2504 3173 6373 3610 4371 3405 3151 4430 2759 3474 3167 2372 2977 4607 2023 1788 2779 4747 2237 2024 3488 5471 3036 1610 1237 3536 2375 2208 1107 3255 3103 1878 1750 1616 2581 1310 1029 2772 2032 1362 1822 1581 1455 1890 1378 272 1533 784 31 
0 104 12 282 432 393 282 371 197 213 940 1268 2184 1863 1153 1202 1266 1676 1140 1109 1000 1520 1129 1798 2226 2762 1355 1289 2420 2599 4833 3018 4145 3333 2884 1874 3018 2141 1861 3336 1977 3372 2601 2557 1511 3703 4162 2127 2838 2733 3312 2503 3150 6163 3459 4296 3354 3091 4336 2810 3492 3099 2328 2884 4426 2055 1806 2837 4621 2173 2026 3321 5197 2960 1697 1213 3507 2342 2115 1060 3226 3056 1891 1714 1560 2480 1335 1033 2760 1985 1311 1768 1534 1522 1921 1358 271 1464 743 26 
0 80 6 234 444 385 262 371 217 189 952 1296 2242 1963 1251 1225 1360 1719 1219 1092 1007 1573 1192 1833 2313 2792 1337 1309 2527 2672 4902 2978 4334 3457 2927 1965 3046 2190 1907 3287 2045 3407 2598 2539 1525 3782 4095 2134 2873 2744 3362 2392 3093 6267 3577 4317 3408 3054 4212 2757 3504 3177 2376 2945 4523 2138 1882 2749 4651 2119 2107 3417 5281 3077 1663 1242 3605 2388 2148 1108 3438 3058 2039 1669 1580 2556 1388 1052 2812 2044 1352 1808 1571 1581 1945 1432 242 1506 767 24 
0 80 7 222 442 368 253 358 213 181 900 1259 2238 1957 1200 1233 1369 1715 1198 1031 1025 1583 1158 1832 2344 2775 1312 1325 2501 2617 4905 2942 4373 3459 2909 1909 2962 2127 1892 3203 2013 3365 2531 2487 1486 3726 3988 2141 2864 2726 3266 2353 3022 6236 3581 4258 3387 3024 4144 2684 3451 3131 2328 2936 4513 2131 1875 2665 4639 2093 2082 3379 5298 3082 1652 1171 3593 2364 2109 1073 3392 3042 1996 1637 1572 2548 1350 1008 2768 2033 1336 1783 1562 1604 1954 1427 235 1530 774 25 
0 104 6 221 449 392 263 375 203 172 943 1319 2291 1959 1209 1228 1352 1663 1214 1044 1053 1581 1218 1797 2377 2803 1303 1277 2521 2616 4865 2875 4256 3425 2954 1979 3028 2155 1931 3210 1961 3336 2521 2500 1476 3710 3930 2110 2759 2735 3262 2314 2999 6225 3487 4231 3315 2983 4092 2645 3401 3150 2373 2890 4530 2071 1833 2575 4632 2107 2054 3446 5298 3074 1574 1204 3497 2358 2106 1075 3413 2973 1985 1654 1567 2549 1333 1026 2723 2023 1297 1797 1564 1473 1843 1414 226 1483 761 26 
0 104 4 242 403 359 256 359 202 184 933 1266 2300 1889 1115 1200 1299 1696 1141 1036 1044 1590 1161 1837 2311 2823 1330 1301 2502 2541 4911 2967 4183 3389 2979 1848 3054 2102 1900 3242 1921 3346 2554 2513 1461 3616 4005 2125 2770 2760 3214 2391 3035 6209 3460 4272 3295 3010 4223 2701 3380 3043 2282 2834 4476 2033 1793 2600 4633 2184 1967 3385 5206 2974 1616 1103 3440 2315 2036 983 3218 3010 1793 1678 1558 2495 1272 966 2699 1985 1253 1761 1555 1473 1870 1355 238 1474 755 25 
0 124 7 246 384 340 247 344 172 189 864 1355 2488 1953 968 1239 1219 1737 1137 992 1188 1587 1173 1705 2483 2944 1344 1171 2550 2404 4920 2822 3929 3386 3095 1793 3159 2039 1996 3149 1747 3427 2572 2710 1462 3537 4021 2151 2730 3011 3261 2501 3169 6455 3569 4427 3265 3146 4515 2638 3335 3007 2314 2881 4679 1848 1682 2570 4877 2375 1844 3607 5480 2963 1481 1053 3357 2296 2097 897 3019 3050 1537 1805 1629 2559 1118 860 2633 1994 1185 1810 1617 1225 1736 1289 237 1500 774 24 
0 151 7 275 397 351 256 360 164 213 864 1393 2601 1963 899 1248 1159 1818 1096 1044 1242 1590 1168 1655 2568 3060 1407 1122 2569 2364 4905 2789 3690 3353 3176 1765 3293 2010 2063 3200 1606 3470 2649 2859 1489 3509 4122 2182 2667 3157 3262 2702 3318 6579 3511 4562 3204 3270 4817 2682 3337 3012 2334 2855 4764 1702 1596 2639 5025 2575 1742 3730 5598 2915 1448 1055 3251 2286 2132 830 2839 3104 1326 1931 1668 2574 1029 815 2609 1972 1124 1837 1658 1031 1647 1219 268 1474 759 25 
0 199 8 327 404 363 282 378 177 233 926 1334 2485 1857 957 1224 1172 1788 1072 1126 1147 1619 1137 1788 2443 3067 1483 1216 2563 2483 4949 3024 3763 3315 3100 1828 3266 2066 2052 3411 1707 3459 2738 2792 1554 3604 4251 2275 2741 3129 3257 2782 3362 6454 3394 4577 3244 3254 4848 2826 3411 3029 2345 2824 4658 1792 1648 2777 4942 2554 1790 3591 5402 2903 1610 1063 3294 2306 2079 837 2867 3126 1389 1933 1631 2509 1113 870 2655 1966 1127 1818 1622 1164 1745 1224 296 1438 746 26 
0 226 12 333 386 347 274 365 167 233 853 1350 2495 1831 863 1202 1098 1812 1038 1134 1187 1632 1101 1803 2436 3127 1560 1218 2582 2459 5024 3126 3669 3303 3100 1738 3326 2043 2098 3468 1655 3507 2779 2824 1554 3537 4305 2347 2743 3241 3213 2831 3431 6411 3365 4579 3198 3305 4967 2844 3374 2918 2294 2752 4630 1740 1603 2817 4990 2608 1717 3554 5364 2825 1650 973 3251 2265 2040 736 2675 3157 1229 1974 1636 2496 1037 818 2624 1936 1075 1800 1624 1134 1746 1169 315 1433 741 25 
# Running this program took 140 seconds.
