# age of the cell - histograms
1537 0 0 0 0 0 0 0 0 0 0 0 0 0 0 0 0 0 0 0 0 0 0 0 0 0 0 0 0 0 0 0 0 0 0 0 0 0 0 0 0 0 0 0 0 0 0 0 0 0 0 0 0 0 0 0 0 0 0 0 0 0 0 0 0 0 0 0 0 0 0 0 0 0 0 0 0 0 0 0 0 0 0 0 0 0 0 0 0 0 0 0 0 0 0 0 0 0 0 0 0 0 0 0 0 0 0 0 0 0 0 0 0 0 0 0 0 0 0 0 0 0 0 0 0 0 0 0 0 0 0 0 0 0 0 0 0 0 0 0 0 0 0 0 0 0 0 0 0 0 
51 21 2 0 0 863 0 0 0 0 0 0 0 0 0 0 0 0 0 0 0 0 0 0 0 0 0 0 0 0 0 0 0 0 0 0 0 0 0 0 0 0 0 0 0 0 0 0 0 0 0 0 0 0 0 0 0 0 0 0 0 0 0 0 0 0 0 0 0 0 0 0 0 0 0 0 0 0 0 0 0 0 0 0 0 0 0 0 0 0 0 0 0 0 0 0 0 0 0 0 0 0 0 0 0 0 0 0 0 0 0 0 0 0 0 0 0 0 0 0 0 0 0 0 0 0 0 0 0 0 0 0 0 0 0 0 0 0 0 0 0 0 0 0 0 0 0 0 0 0 
57 96 70 67 99 43 16 2 0 0 645 0 0 0 0 0 0 0 0 0 0 0 0 0 0 0 0 0 0 0 0 0 0 0 0 0 0 0 0 0 0 0 0 0 0 0 0 0 0 0 0 0 0 0 0 0 0 0 0 0 0 0 0 0 0 0 0 0 0 0 0 0 0 0 0 0 0 0 0 0 0 0 0 0 0 0 0 0 0 0 0 0 0 0 0 0 0 0 0 0 0 0 0 0 0 0 0 0 0 0 0 0 0 0 0 0 0 0 0 0 0 0 0 0 0 0 0 0 0 0 0 0 0 0 0 0 0 0 0 0 0 0 0 0 0 0 0 0 0 0 
54 60 61 52 63 43 71 52 49 68 40 11 1 0 0 445 0 0 0 0 0 0 0 0 0 0 0 0 0 0 0 0 0 0 0 0 0 0 0 0 0 0 0 0 0 0 0 0 0 0 0 0 0 0 0 0 0 0 0 0 0 0 0 0 0 0 0 0 0 0 0 0 0 0 0 0 0 0 0 0 0 0 0 0 0 0 0 0 0 0 0 0 0 0 0 0 0 0 0 0 0 0 0 0 0 0 0 0 0 0 0 0 0 0 0 0 0 0 0 0 0 0 0 0 0 0 0 0 0 0 0 0 0 0 0 0 0 0 0 0 0 0 0 0 0 0 0 0 0 0 
62 67 61 75 67 40 33 41 40 51 33 51 37 35 48 27 7 0 0 0 310 0 0 0 0 0 0 0 0 0 0 0 0 0 0 0 0 0 0 0 0 0 0 0 0 0 0 0 0 0 0 0 0 0 0 0 0 0 0 0 0 0 0 0 0 0 0 0 0 0 0 0 0 0 0 0 0 0 0 0 0 0 0 0 0 0 0 0 0 0 0 0 0 0 0 0 0 0 0 0 0 0 0 0 0 0 0 0 0 0 0 0 0 0 0 0 0 0 0 0 0 0 0 0 0 0 0 0 0 0 0 0 0 0 0 0 0 0 0 0 0 0 0 0 0 0 0 0 0 0 
75 64 57 50 53 45 55 44 54 54 32 26 31 27 39 24 37 30 26 42 20 5 0 0 0 217 0 0 0 0 0 0 0 0 0 0 0 0 0 0 0 0 0 0 0 0 0 0 0 0 0 0 0 0 0 0 0 0 0 0 0 0 0 0 0 0 0 0 0 0 0 0 0 0 0 0 0 0 0 0 0 0 0 0 0 0 0 0 0 0 0 0 0 0 0 0 0 0 0 0 0 0 0 0 0 0 0 0 0 0 0 0 0 0 0 0 0 0 0 0 0 0 0 0 0 0 0 0 0 0 0 0 0 0 0 0 0 0 0 0 0 0 0 0 0 0 0 0 0 0 
59 51 41 56 51 54 50 45 38 41 33 39 32 45 38 27 18 23 21 31 19 25 22 13 33 17 4 0 0 0 146 0 0 0 0 0 0 0 0 0 0 0 0 0 0 0 0 0 0 0 0 0 0 0 0 0 0 0 0 0 0 0 0 0 0 0 0 0 0 0 0 0 0 0 0 0 0 0 0 0 0 0 0 0 0 0 0 0 0 0 0 0 0 0 0 0 0 0 0 0 0 0 0 0 0 0 0 0 0 0 0 0 0 0 0 0 0 0 0 0 0 0 0 0 0 0 0 0 0 0 0 0 0 0 0 0 0 0 0 0 0 0 0 0 0 0 0 0 0 0 
63 61 72 59 61 46 38 28 35 39 38 38 30 31 37 24 25 25 30 28 20 14 16 15 21 14 19 19 9 23 12 3 0 0 0 100 0 0 0 0 0 0 0 0 0 0 0 0 0 0 0 0 0 0 0 0 0 0 0 0 0 0 0 0 0 0 0 0 0 0 0 0 0 0 0 0 0 0 0 0 0 0 0 0 0 0 0 0 0 0 0 0 0 0 0 0 0 0 0 0 0 0 0 0 0 0 0 0 0 0 0 0 0 0 0 0 0 0 0 0 0 0 0 0 0 0 0 0 0 0 0 0 0 0 0 0 0 0 0 0 0 0 0 0 0 0 0 0 0 0 
64 66 65 55 44 48 45 50 42 43 35 29 20 28 30 27 27 21 22 25 15 19 21 19 18 15 9 12 11 16 11 13 11 6 16 10 1 0 0 0 73 0 0 0 0 0 0 0 0 0 0 0 0 0 0 0 0 0 0 0 0 0 0 0 0 0 0 0 0 0 0 0 0 0 0 0 0 0 0 0 0 0 0 0 0 0 0 0 0 0 0 0 0 0 0 0 0 0 0 0 0 0 0 0 0 0 0 0 0 0 0 0 0 0 0 0 0 0 0 0 0 0 0 0 0 0 0 0 0 0 0 0 0 0 0 0 0 0 0 0 0 0 0 0 0 0 0 0 0 0 
64 58 52 51 59 53 51 50 39 35 34 32 34 36 29 26 23 14 22 19 25 24 13 17 17 11 11 15 15 14 12 5 8 7 10 10 12 8 2 11 7 1 0 0 0 50 0 0 0 0 0 0 0 0 0 0 0 0 0 0 0 0 0 0 0 0 0 0 0 0 0 0 0 0 0 0 0 0 0 0 0 0 0 0 0 0 0 0 0 0 0 0 0 0 0 0 0 0 0 0 0 0 0 0 0 0 0 0 0 0 0 0 0 0 0 0 0 0 0 0 0 0 0 0 0 0 0 0 0 0 0 0 0 0 0 0 0 0 0 0 0 0 0 0 0 0 0 0 0 0 
47 74 59 47 40 54 47 39 45 42 43 39 37 31 26 23 26 26 24 21 20 14 12 17 14 20 18 8 13 13 8 8 10 14 11 6 5 7 3 5 7 9 5 2 10 6 1 0 0 0 26 0 0 0 0 0 0 0 0 0 0 0 0 0 0 0 0 0 0 0 0 0 0 0 0 0 0 0 0 0 0 0 0 0 0 0 0 0 0 0 0 0 0 0 0 0 0 0 0 0 0 0 0 0 0 0 0 0 0 0 0 0 0 0 0 0 0 0 0 0 0 0 0 0 0 0 0 0 0 0 0 0 0 0 0 0 0 0 0 0 0 0 0 0 0 0 0 0 0 0 
69 69 56 63 45 38 54 41 37 27 42 39 29 32 24 30 27 29 24 20 15 19 18 17 18 18 11 7 13 12 15 11 7 10 8 7 7 8 13 9 4 3 4 2 4 5 6 5 2 7 6 0 0 0 0 18 0 0 0 0 0 0 0 0 0 0 0 0 0 0 0 0 0 0 0 0 0 0 0 0 0 0 0 0 0 0 0 0 0 0 0 0 0 0 0 0 0 0 0 0 0 0 0 0 0 0 0 0 0 0 0 0 0 0 0 0 0 0 0 0 0 0 0 0 0 0 0 0 0 0 0 0 0 0 0 0 0 0 0 0 0 0 0 0 0 0 0 0 0 0 
74 73 43 59 46 56 49 43 41 36 23 38 30 25 16 30 22 25 17 16 24 22 22 17 12 13 14 14 9 13 16 7 4 10 7 10 6 5 10 8 5 6 5 9 8 2 2 1 2 2 4 2 4 1 3 3 0 0 0 0 12 0 0 0 0 0 0 0 0 0 0 0 0 0 0 0 0 0 0 0 0 0 0 0 0 0 0 0 0 0 0 0 0 0 0 0 0 0 0 0 0 0 0 0 0 0 0 0 0 0 0 0 0 0 0 0 0 0 0 0 0 0 0 0 0 0 0 0 0 0 0 0 0 0 0 0 0 0 0 0 0 0 0 0 0 0 0 0 0 0 
52 61 50 49 65 57 55 31 41 32 42 41 31 26 26 16 28 22 21 12 23 16 19 12 13 19 16 17 11 9 10 11 7 9 6 10 7 4 7 5 10 5 5 10 5 4 3 3 8 4 2 2 0 2 2 2 1 4 1 2 3 0 0 0 0 5 0 0 0 0 0 0 0 0 0 0 0 0 0 0 0 0 0 0 0 0 0 0 0 0 0 0 0 0 0 0 0 0 0 0 0 0 0 0 0 0 0 0 0 0 0 0 0 0 0 0 0 0 0 0 0 0 0 0 0 0 0 0 0 0 0 0 0 0 0 0 0 0 0 0 0 0 0 0 0 0 0 0 0 0 
60 78 69 55 53 40 42 43 29 45 41 40 24 31 22 32 32 25 20 18 9 17 17 19 8 19 11 16 8 8 13 10 14 9 7 6 7 5 6 5 8 3 4 5 4 9 4 5 5 2 3 2 3 6 3 2 1 0 0 1 2 1 2 0 2 2 0 0 0 0 4 0 0 0 0 0 0 0 0 0 0 0 0 0 0 0 0 0 0 0 0 0 0 0 0 0 0 0 0 0 0 0 0 0 0 0 0 0 0 0 0 0 0 0 0 0 0 0 0 0 0 0 0 0 0 0 0 0 0 0 0 0 0 0 0 0 0 0 0 0 0 0 0 0 0 0 0 0 0 0 
73 57 61 57 54 49 51 56 43 44 28 26 30 20 33 27 29 15 22 15 24 29 18 14 13 5 13 11 10 5 16 5 14 6 6 10 7 6 7 4 4 3 3 3 4 6 3 4 2 4 5 2 5 3 1 1 2 3 3 2 1 1 0 0 1 2 1 1 0 1 1 0 0 0 0 2 0 0 0 0 0 0 0 0 0 0 0 0 0 0 0 0 0 0 0 0 0 0 0 0 0 0 0 0 0 0 0 0 0 0 0 0 0 0 0 0 0 0 0 0 0 0 0 0 0 0 0 0 0 0 0 0 0 0 0 0 0 0 0 0 0 0 0 0 0 0 0 0 0 0 
66 64 62 66 60 46 41 46 40 39 38 40 42 28 24 20 21 18 16 24 17 23 10 14 8 19 24 14 11 9 3 9 7 8 3 13 4 6 3 4 6 5 6 6 2 2 3 2 1 2 4 3 4 1 3 4 2 2 1 1 1 1 2 3 2 1 1 0 0 1 2 1 1 0 1 0 0 0 0 0 1 0 0 0 0 0 0 0 0 0 0 0 0 0 0 0 0 0 0 0 0 0 0 0 0 0 0 0 0 0 0 0 0 0 0 0 0 0 0 0 0 0 0 0 0 0 0 0 0 0 0 0 0 0 0 0 0 0 0 0 0 0 0 0 0 0 0 0 0 0 
70 57 59 51 48 53 51 45 51 47 33 30 31 29 25 28 29 32 23 16 12 17 12 14 21 13 16 8 10 7 12 17 9 6 5 3 5 3 7 1 8 4 6 1 2 4 4 5 6 2 2 1 1 1 1 2 2 3 0 3 3 1 1 1 1 1 1 2 1 2 0 1 0 0 1 1 1 1 0 0 0 0 0 0 0 1 0 0 0 0 0 0 0 0 0 0 0 0 0 0 0 0 0 0 0 0 0 0 0 0 0 0 0 0 0 0 0 0 0 0 0 0 0 0 0 0 0 0 0 0 0 0 0 0 0 0 0 0 0 0 0 0 0 0 0 0 0 0 0 0 
62 70 45 43 53 55 48 46 42 35 42 37 34 39 31 22 24 26 19 18 21 22 22 18 13 7 14 10 10 18 10 13 4 6 5 8 10 8 5 3 1 3 3 6 1 5 4 6 1 1 2 2 4 6 2 2 1 0 0 1 1 2 1 0 3 1 1 0 0 0 1 0 2 1 1 0 0 0 0 1 1 0 0 0 0 0 0 0 0 0 0 0 0 0 0 0 0 0 0 0 0 0 0 0 0 0 0 0 0 0 0 0 0 0 0 0 0 0 0 0 0 0 0 0 0 0 0 0 0 0 0 0 0 0 0 0 0 0 0 0 0 0 0 0 0 0 0 0 0 0 
60 54 50 46 53 40 57 34 33 44 30 32 33 36 29 31 26 28 29 23 18 21 18 17 12 17 19 15 15 10 5 12 9 9 14 8 12 3 4 4 5 7 7 2 3 0 2 3 5 1 5 3 3 1 1 2 1 2 5 2 2 0 0 0 1 0 2 1 0 3 1 0 0 0 0 0 0 1 0 1 0 0 0 0 1 1 0 0 0 0 0 0 0 0 0 0 0 0 0 0 0 0 0 0 0 0 0 0 0 0 0 0 0 0 0 0 0 0 0 0 0 0 0 0 0 0 0 0 0 0 0 0 0 0 0 0 0 0 0 0 0 0 0 0 0 0 0 0 0 0 
62 65 65 60 46 47 36 39 28 39 31 42 24 26 29 24 22 21 27 24 20 20 18 23 14 13 12 11 14 9 14 13 12 11 6 3 8 8 6 10 5 10 3 3 2 4 7 4 1 2 0 2 1 4 1 4 3 3 1 0 1 1 1 3 1 2 0 0 0 0 0 1 1 0 2 1 0 0 0 0 0 0 1 0 1 0 0 0 0 1 1 0 0 0 0 0 0 0 0 0 0 0 0 0 0 0 0 0 0 0 0 0 0 0 0 0 0 0 0 0 0 0 0 0 0 0 0 0 0 0 0 0 0 0 0 0 0 0 0 0 0 0 0 0 0 0 0 0 0 0 
64 56 67 63 49 51 41 47 46 31 35 26 31 22 31 24 29 18 20 18 16 16 14 20 16 17 14 13 16 6 10 8 10 7 7 12 7 8 9 4 3 4 4 5 6 5 7 3 1 2 2 4 1 1 1 0 2 0 3 0 4 2 2 0 0 1 0 1 1 1 2 0 0 0 0 0 0 0 0 2 1 0 0 0 0 0 0 1 0 1 0 0 0 0 1 1 0 0 0 0 0 0 0 0 0 0 0 0 0 0 0 0 0 0 0 0 0 0 0 0 0 0 0 0 0 0 0 0 0 0 0 0 0 0 0 0 0 0 0 0 0 0 0 0 0 0 0 0 0 0 
66 48 74 63 62 44 36 50 46 36 40 32 35 40 23 23 18 21 17 24 18 21 11 17 10 9 9 11 14 12 10 12 10 10 2 8 7 8 6 4 9 7 5 8 1 3 3 2 5 5 5 3 3 1 1 1 2 1 0 1 0 2 0 1 0 3 1 1 0 0 0 0 1 1 0 2 0 0 0 0 0 0 0 0 2 1 0 0 0 0 0 0 1 0 0 0 0 0 0 0 1 0 0 0 0 0 0 0 0 0 0 0 0 0 0 0 0 0 0 0 0 0 0 0 0 0 0 0 0 0 0 0 0 0 0 0 0 0 0 0 0 0 0 0 0 0 0 0 0 0 
82 70 60 67 41 55 27 59 48 42 32 31 32 36 28 20 23 19 26 19 18 14 11 12 13 13 16 10 13 8 7 4 7 12 9 7 8 6 3 0 7 6 4 2 3 9 5 4 5 1 3 3 2 4 3 3 3 1 1 1 1 2 1 0 1 0 2 0 1 0 2 0 1 0 0 0 0 0 0 0 2 0 0 0 0 0 0 0 0 2 1 0 0 0 0 0 0 1 0 0 0 0 0 0 0 1 0 0 0 0 0 0 0 0 0 0 0 0 0 0 0 0 0 0 0 0 0 0 0 0 0 0 0 0 0 0 0 0 0 0 0 0 0 0 0 0 0 0 0 0 
62 63 54 56 58 59 44 44 55 37 38 16 48 27 27 23 19 27 23 18 15 17 16 18 13 14 10 10 10 11 12 6 8 8 8 6 3 3 10 4 6 7 4 3 0 7 5 3 1 1 6 3 4 3 1 3 1 1 3 2 2 2 1 1 1 1 0 0 0 1 0 2 0 1 0 2 0 0 0 0 0 0 0 0 0 2 0 0 0 0 0 0 0 0 1 0 0 0 0 0 0 0 0 0 0 0 0 0 0 0 1 0 0 0 0 0 0 0 0 0 0 0 0 0 0 0 0 0 0 0 0 0 0 0 0 0 0 0 0 0 0 0 0 0 0 0 0 0 0 0 
52 63 54 74 50 51 48 46 48 43 41 31 31 42 25 25 11 36 19 19 15 16 15 15 14 11 13 11 10 8 11 7 6 9 8 10 4 6 6 6 4 2 2 7 4 6 5 3 2 0 4 4 3 1 0 4 1 3 2 1 1 1 1 2 2 2 2 0 1 1 1 0 0 0 1 0 2 0 1 0 2 0 0 0 0 0 0 0 0 0 0 0 0 0 0 0 0 0 0 1 0 0 0 0 0 0 0 0 0 0 0 0 0 0 0 0 0 0 0 0 0 0 0 0 0 0 0 0 0 0 0 0 0 0 0 0 0 0 0 0 0 0 0 0 0 0 0 0 0 0 
60 77 57 63 63 30 46 37 52 40 38 32 29 36 29 32 22 23 31 17 19 9 26 13 14 12 11 12 11 10 11 7 7 5 7 8 4 4 8 3 7 3 3 5 4 2 1 1 5 4 6 1 3 1 0 1 4 2 0 0 3 1 2 1 1 0 1 1 1 0 2 2 0 1 1 1 0 0 0 1 0 2 0 0 0 0 0 0 0 0 0 0 0 0 0 0 0 0 0 0 0 0 0 0 1 0 0 0 0 0 0 0 0 0 0 0 0 0 0 0 0 0 0 0 0 0 0 0 0 0 0 0 0 0 0 0 0 0 0 0 0 0 0 0 0 0 0 0 0 0 
75 59 63 62 42 51 59 45 51 45 24 34 27 32 30 25 24 23 29 22 22 15 17 22 11 14 5 20 12 11 8 7 8 4 8 8 5 4 4 7 4 1 3 5 3 5 3 3 2 3 2 1 1 0 3 6 1 2 1 0 0 2 1 0 0 2 1 1 1 1 0 1 1 1 0 1 1 0 1 0 1 0 0 0 0 0 1 0 0 0 0 0 0 0 0 0 0 0 0 0 0 0 0 0 0 0 0 0 0 0 0 0 0 0 0 0 0 0 0 0 0 0 0 0 0 0 0 0 0 0 0 0 0 0 0 0 0 0 0 0 0 0 0 0 0 0 0 0 0 0 
65 48 63 59 42 55 41 44 46 31 35 49 34 33 31 16 23 17 23 22 17 16 17 24 15 16 9 13 17 10 8 4 17 11 8 6 4 6 1 7 6 5 4 4 5 3 1 3 2 3 3 2 2 1 2 2 0 1 0 2 4 0 2 0 0 0 1 1 0 0 1 0 0 1 1 0 1 1 1 0 1 1 0 1 0 1 0 0 0 0 0 0 0 0 0 0 0 0 0 0 0 0 0 0 0 0 0 0 0 0 0 0 0 0 0 0 0 0 0 0 0 0 0 0 0 0 0 0 0 0 0 0 0 0 0 0 0 0 0 0 0 0 0 0 0 0 0 0 0 0 
74 73 64 52 64 48 32 44 49 29 39 32 28 33 24 22 33 25 23 28 16 15 12 14 16 12 11 11 15 12 9 8 12 13 6 4 4 10 5 6 3 2 4 0 3 6 3 3 3 5 3 1 3 1 1 2 2 2 1 1 1 0 1 0 1 2 0 1 0 0 0 1 1 0 0 0 0 0 1 0 0 0 1 1 0 1 0 0 1 0 1 0 0 0 0 0 0 0 0 0 0 0 0 0 0 0 0 0 0 0 0 0 0 0 0 0 0 0 0 0 0 0 0 0 0 0 0 0 0 0 0 0 0 0 0 0 0 0 0 0 0 0 0 0 0 0 0 0 0 0 
76 57 60 64 47 58 47 52 40 53 35 24 28 39 20 29 25 19 27 15 15 22 19 16 21 11 13 7 8 13 9 7 7 12 7 5 7 6 9 6 1 4 5 3 5 3 1 3 0 3 4 3 1 3 4 3 1 2 0 1 1 2 1 1 1 1 0 1 0 0 1 0 0 0 0 0 1 0 0 0 0 0 0 1 0 0 0 1 1 0 1 0 0 1 0 0 0 0 0 0 0 0 0 0 0 0 0 0 0 0 0 0 0 0 0 0 0 0 0 0 0 0 0 0 0 0 0 0 0 0 0 0 0 0 0 0 0 0 0 0 0 0 0 0 0 0 0 0 0 0 
74 51 61 44 41 59 41 48 48 32 46 32 36 31 42 28 19 20 30 12 20 19 8 23 13 12 16 12 13 12 6 10 4 8 12 6 7 6 10 5 5 6 2 4 2 1 2 5 3 5 2 1 2 0 2 2 1 0 0 3 2 0 0 0 0 0 2 1 1 0 0 0 1 0 0 1 0 0 0 0 0 1 0 0 0 0 0 0 1 0 0 0 1 0 0 1 0 0 1 0 0 0 0 0 0 0 0 0 0 0 0 0 0 0 0 0 0 0 0 0 0 0 0 0 0 0 0 0 0 0 0 0 0 0 0 0 0 0 0 0 0 0 0 0 0 0 0 0 0 0 
59 59 54 74 72 49 39 47 32 35 41 33 32 37 22 35 19 24 22 27 18 9 13 24 5 14 14 7 15 9 10 12 11 7 9 3 7 3 5 9 4 5 5 9 5 2 3 1 3 2 1 0 4 2 4 2 1 1 0 2 1 1 0 0 1 0 0 0 0 0 0 1 0 1 0 0 0 0 0 0 1 0 0 0 0 0 1 0 0 0 0 0 0 1 0 0 0 1 0 0 0 0 0 1 0 0 0 0 0 0 0 0 0 0 0 0 0 0 0 0 0 0 0 0 0 0 0 0 0 0 0 0 0 0 0 0 0 0 0 0 0 0 0 0 0 0 0 0 0 0 
61 65 64 47 53 47 37 38 56 54 37 32 35 23 29 25 21 23 33 16 26 12 17 17 20 13 5 9 16 3 11 10 7 13 6 7 10 10 5 5 3 2 3 4 4 3 5 4 8 3 2 2 0 2 2 1 0 3 1 3 1 1 0 0 0 1 0 0 0 0 0 0 0 0 0 0 1 0 0 0 0 0 0 0 0 1 0 0 0 0 0 1 0 0 0 0 0 0 1 0 0 0 1 0 0 0 0 0 1 0 0 0 0 0 0 0 0 0 0 0 0 0 0 0 0 0 0 0 0 0 0 0 0 0 0 0 0 0 0 0 0 0 0 0 0 0 0 0 0 0 
64 59 49 67 46 51 48 49 29 42 35 26 26 38 39 30 26 23 16 19 16 16 19 22 13 19 6 10 14 18 10 2 4 15 2 9 9 6 9 4 6 9 9 3 5 1 2 3 3 4 2 2 4 7 2 2 1 0 1 2 1 0 3 1 3 1 1 0 0 0 0 0 0 0 0 0 0 0 0 0 0 0 0 0 0 0 0 0 0 0 1 0 0 0 0 0 1 0 0 0 0 0 0 0 0 0 0 1 0 0 0 0 0 1 0 0 0 0 0 0 0 0 0 0 0 0 0 0 0 0 0 0 0 0 0 0 0 0 0 0 0 0 0 0 0 0 0 0 0 0 
57 44 39 47 57 51 47 39 55 36 40 38 33 22 34 23 20 20 26 29 19 19 17 13 14 12 15 15 18 9 15 5 8 12 16 9 1 3 9 2 6 3 6 5 2 5 6 5 2 4 1 1 2 2 3 2 1 3 5 1 2 1 0 1 1 1 0 1 1 1 1 1 0 0 0 0 0 0 0 0 0 0 0 0 0 0 0 0 0 0 0 0 0 0 0 1 0 0 0 0 0 1 0 0 0 0 0 0 0 0 0 0 1 0 0 0 0 0 0 0 0 0 0 0 0 0 0 0 0 0 0 0 0 0 0 0 0 0 0 0 0 0 0 0 0 0 0 0 0 0 
63 73 65 56 69 41 34 30 36 40 40 35 25 38 23 33 22 27 13 26 16 16 15 18 21 10 18 14 10 9 10 10 10 17 6 11 2 4 6 11 4 0 3 7 2 5 1 4 4 2 4 6 4 2 2 0 1 1 2 2 1 0 3 3 1 1 0 0 1 0 0 0 1 1 1 1 1 0 0 0 0 0 0 0 0 0 0 0 0 0 0 0 0 0 0 0 0 0 0 0 0 0 0 0 0 0 1 0 0 0 0 0 0 0 0 0 0 1 0 0 0 0 0 0 0 0 0 0 0 0 0 0 0 0 0 0 0 0 0 0 0 0 0 0 0 0 0 0 0 0 
93 63 65 63 43 42 57 43 41 50 31 25 23 20 32 27 25 19 23 15 23 14 18 9 15 14 9 12 10 11 9 12 10 7 5 7 7 6 14 5 9 1 4 5 8 1 0 3 2 2 5 1 3 3 2 4 3 4 2 2 0 1 0 2 1 1 0 2 3 0 1 0 0 0 0 0 0 1 1 1 0 0 0 0 0 0 0 0 0 0 0 0 0 0 0 0 0 0 0 0 0 0 0 0 0 0 0 0 0 0 0 1 0 0 0 0 0 0 0 0 0 0 1 0 0 0 0 0 0 0 0 0 0 0 0 0 0 0 0 0 0 0 0 0 0 0 0 0 0 0 
70 73 55 49 58 55 45 43 46 31 33 42 30 27 37 25 16 18 14 24 22 16 14 12 13 20 11 14 5 10 10 6 7 5 10 5 9 5 6 2 5 5 4 12 4 8 1 3 5 4 0 0 2 1 1 4 1 2 1 2 3 3 3 2 2 0 1 0 2 0 1 0 2 2 0 1 0 0 0 0 0 0 1 0 0 0 0 0 0 0 0 0 0 0 0 0 0 0 0 0 0 0 0 0 0 0 0 0 0 0 0 0 0 0 0 0 1 0 0 0 0 0 0 0 0 0 0 1 0 0 0 0 0 0 0 0 0 0 0 0 0 0 0 0 0 0 0 0 0 0 
63 72 45 58 52 50 56 44 39 46 39 36 28 34 24 26 24 18 20 28 17 11 15 10 18 14 10 10 10 9 11 5 10 4 10 8 5 7 3 8 3 9 4 4 1 5 2 4 7 2 7 1 3 2 4 0 0 2 1 0 4 1 2 1 1 3 3 3 2 1 0 0 0 2 0 0 0 0 1 0 1 0 0 0 0 0 0 1 0 0 0 0 0 0 0 0 0 0 0 0 0 0 0 0 0 0 0 0 0 0 0 0 0 0 0 0 0 0 0 0 0 0 0 0 0 0 0 0 0 0 0 0 1 0 0 0 0 0 0 0 0 0 0 0 0 0 0 0 0 0 
52 78 45 61 45 51 60 35 41 42 42 37 31 23 29 32 20 22 26 18 21 20 11 16 23 11 10 14 7 14 8 8 8 8 5 7 4 7 2 7 5 2 5 2 7 2 7 3 4 1 4 2 3 6 2 4 1 3 1 3 0 0 2 1 0 3 1 1 1 1 3 1 2 2 1 0 0 0 2 0 0 0 0 0 0 1 0 0 0 0 0 0 0 0 0 0 0 0 0 0 0 0 0 0 0 0 0 0 0 0 0 0 0 0 0 0 0 0 0 0 0 0 0 0 0 0 0 0 0 0 0 0 0 0 0 0 0 0 0 0 0 0 0 0 0 0 0 0 0 0 
56 55 72 52 51 42 57 28 48 29 38 42 29 24 28 31 30 26 20 24 25 15 18 19 11 15 13 10 12 20 8 7 9 6 12 5 4 4 6 3 5 3 4 2 6 4 1 4 2 4 1 5 3 3 1 4 1 2 4 2 2 0 2 1 2 0 0 1 1 0 2 1 1 1 1 1 1 1 2 1 0 0 0 0 0 0 0 0 0 0 1 0 0 0 0 0 0 0 0 0 0 0 0 0 0 0 0 0 0 0 0 0 0 0 0 0 0 0 0 0 0 0 0 0 0 0 0 0 0 0 0 0 0 0 0 0 0 0 0 0 0 0 0 0 0 0 0 0 0 0 
75 58 70 51 58 34 36 58 39 40 32 40 19 32 25 30 29 20 17 27 25 20 16 14 19 14 11 10 12 6 12 8 6 9 15 7 7 8 4 8 3 2 3 3 3 1 3 3 1 4 2 1 2 2 3 1 3 0 1 1 4 1 1 3 2 2 0 2 0 2 0 0 1 0 0 1 1 1 1 1 0 1 1 2 1 0 0 0 0 0 0 0 0 0 0 0 0 0 0 0 0 0 0 0 0 0 0 0 0 0 0 0 0 0 0 0 0 0 0 0 0 0 0 0 0 0 0 0 0 0 0 0 0 0 0 0 0 0 0 0 0 0 0 0 0 0 0 0 0 0 
58 67 59 61 38 58 44 52 40 44 23 25 42 28 29 25 31 14 21 19 20 25 13 12 17 19 12 11 12 11 9 9 8 10 3 8 7 6 7 12 7 4 7 3 4 2 1 2 3 3 1 2 1 1 3 0 1 1 0 2 1 3 0 0 0 3 1 0 3 2 1 0 2 0 1 0 0 1 0 0 1 1 1 1 1 0 1 0 1 0 0 0 0 0 0 0 0 0 0 0 0 0 0 0 0 0 0 0 0 0 0 0 0 0 0 0 0 0 0 0 0 0 0 0 0 0 0 0 0 0 0 0 0 0 0 0 0 0 0 0 0 0 0 0 0 0 0 0 0 0 
58 65 61 54 54 44 50 46 43 29 49 33 31 29 36 18 18 28 22 21 19 23 9 16 16 15 21 10 8 12 10 10 6 9 5 3 5 5 8 2 5 5 4 4 9 5 3 6 2 2 1 1 2 3 2 0 2 1 1 2 0 1 1 0 0 1 2 0 0 0 1 1 0 2 1 1 0 2 0 1 0 0 0 0 0 1 1 1 1 1 0 0 0 1 0 0 0 0 0 0 0 0 0 0 0 0 0 0 0 0 0 0 0 0 0 0 0 0 0 0 0 0 0 0 0 0 0 0 0 0 0 0 0 0 0 0 0 0 0 0 0 0 0 0 0 0 0 0 0 0 
55 69 64 50 60 41 52 47 38 41 30 36 28 31 22 40 24 27 23 24 17 12 16 15 13 16 15 8 13 11 11 15 8 4 8 6 10 4 9 3 2 4 2 4 1 4 4 3 3 9 5 3 6 2 2 1 0 1 1 1 0 2 0 1 0 0 1 1 0 0 1 1 0 0 0 1 1 0 1 1 1 0 2 0 1 0 0 0 0 0 1 1 1 0 1 0 0 0 1 0 0 0 0 0 0 0 0 0 0 0 0 0 0 0 0 0 0 0 0 0 0 0 0 0 0 0 0 0 0 0 0 0 0 0 0 0 0 0 0 0 0 0 0 0 0 0 0 0 0 0 
56 74 49 38 48 40 53 46 40 50 26 36 31 29 33 22 28 22 21 17 30 16 18 18 18 8 9 11 9 11 12 11 6 12 7 8 11 5 3 5 4 7 3 6 2 2 3 2 2 1 3 4 2 2 7 4 3 5 2 1 0 0 1 0 1 0 2 0 0 0 0 1 1 0 0 1 0 0 0 0 1 1 0 1 0 1 0 2 0 0 0 0 0 0 0 1 1 1 0 1 0 0 0 0 0 0 0 0 0 0 0 0 0 0 0 0 0 0 0 0 0 0 0 0 0 0 0 0 0 0 0 0 0 0 0 0 0 0 0 0 0 0 0 0 0 0 0 0 0 0 
65 70 54 53 70 43 61 37 29 36 26 29 35 29 38 17 21 20 22 18 18 20 12 15 15 22 12 14 16 14 4 4 9 8 7 9 6 4 9 6 6 9 5 3 4 4 5 3 6 0 2 3 2 1 1 0 2 2 2 6 3 2 2 1 0 0 0 1 0 1 0 0 0 0 0 0 1 0 0 0 0 0 0 0 0 1 1 0 1 0 1 0 2 0 0 0 0 0 0 0 1 1 1 0 1 0 0 0 0 0 0 0 0 0 0 0 0 0 0 0 0 0 0 0 0 0 0 0 0 0 0 0 0 0 0 0 0 0 0 0 0 0 0 0 0 0 0 0 0 0 
61 57 43 59 49 62 53 35 42 53 33 49 28 21 24 18 20 29 25 28 12 12 12 14 12 16 16 11 8 12 15 9 10 10 9 2 4 8 5 7 6 4 4 5 3 5 4 4 2 2 2 2 3 5 0 2 2 2 0 1 0 2 2 2 4 2 2 2 1 0 0 0 1 0 1 0 0 0 0 0 0 1 0 0 0 0 0 0 0 0 1 0 0 0 0 1 0 1 0 0 0 0 0 0 0 1 1 1 0 0 0 0 0 0 0 0 0 0 0 0 0 0 0 0 0 0 0 0 0 0 0 0 0 0 0 0 0 0 0 0 0 0 0 0 0 0 0 0 0 0 
82 67 59 50 59 40 43 37 43 39 46 37 31 34 34 28 34 19 17 16 12 16 18 19 18 8 10 7 7 11 13 8 7 7 10 9 7 8 8 4 1 3 5 5 5 2 3 3 3 3 5 4 4 2 2 1 2 3 2 0 2 2 2 0 0 0 1 1 1 1 2 2 1 1 0 0 0 1 0 1 0 0 0 0 0 0 1 0 0 0 0 0 0 0 0 0 0 0 0 0 0 0 1 0 0 0 0 0 0 0 1 1 1 0 0 0 0 0 0 0 0 0 0 0 0 0 0 0 0 0 0 0 0 0 0 0 0 0 0 0 0 0 0 0 0 0 0 0 0 0 
64 69 50 49 52 56 46 50 38 48 31 32 24 28 29 35 29 23 25 23 22 29 12 12 8 10 9 11 12 10 6 9 3 6 8 11 5 6 6 8 7 5 7 7 4 0 1 3 1 1 2 2 3 1 2 1 2 3 1 1 1 1 1 1 0 1 1 2 0 0 0 0 1 1 1 1 2 1 1 0 0 0 1 0 0 0 0 0 0 0 0 1 0 0 0 0 0 0 0 0 0 0 0 0 0 0 0 0 0 0 0 0 0 0 0 1 1 1 0 0 0 0 0 0 0 0 0 0 0 0 0 0 0 0 0 0 0 0 0 0 0 0 0 0 0 0 0 0 0 0 
62 63 68 70 41 47 52 34 35 41 37 27 37 28 37 18 18 20 22 17 31 26 18 18 16 17 22 9 6 5 3 5 8 11 9 5 7 3 2 6 8 5 5 4 3 4 4 5 6 3 0 1 3 0 0 1 2 3 1 1 0 2 2 1 0 1 0 0 1 0 1 1 0 0 0 0 0 1 1 0 1 1 1 1 0 0 0 0 0 0 0 0 0 0 0 0 1 0 0 0 0 0 0 0 0 0 0 0 0 0 0 0 0 0 0 0 0 0 0 0 1 0 1 0 0 0 0 0 0 0 0 0 0 0 0 0 0 0 0 0 0 0 0 0 0 0 0 0 0 0 
67 73 60 70 46 46 47 52 52 33 33 38 25 23 27 28 22 25 16 29 17 15 14 16 14 18 19 13 15 12 13 15 6 4 2 2 3 4 7 8 3 5 2 1 6 8 2 3 3 3 2 2 4 3 2 0 1 3 0 0 0 1 3 1 0 0 2 1 1 0 0 0 0 1 0 1 1 0 0 0 0 0 1 0 0 1 0 1 1 0 0 0 0 0 0 0 0 0 0 0 0 0 0 0 0 0 0 0 0 0 0 0 0 0 0 0 0 0 0 0 0 0 0 0 0 0 0 1 0 0 0 0 0 0 0 0 0 0 0 0 0 0 0 0 0 0 0 0 0 0 
57 69 58 40 30 53 54 42 57 33 33 36 40 39 25 23 27 18 19 20 20 14 16 12 24 14 8 11 14 10 14 16 10 12 7 7 9 6 2 1 1 3 4 4 7 2 3 1 1 5 7 2 2 2 3 1 2 4 1 2 0 0 0 0 0 0 0 0 1 0 0 1 1 1 0 0 0 0 1 0 0 1 0 0 0 0 0 1 0 0 1 0 1 1 0 0 0 0 0 0 0 0 0 0 0 0 0 0 0 0 0 0 0 0 0 0 0 0 0 0 0 0 0 0 0 0 0 0 0 0 0 0 1 0 0 0 0 0 0 0 0 0 0 0 0 0 0 0 0 0 
44 62 48 49 78 52 53 41 30 26 44 42 31 38 24 21 21 28 33 19 14 16 15 16 16 11 10 15 12 19 12 5 8 10 7 12 13 6 10 3 6 5 4 1 0 1 3 3 3 5 1 3 1 0 4 5 0 2 1 2 0 1 3 1 2 0 0 0 0 0 0 0 0 1 0 0 1 1 1 0 0 0 0 0 0 0 1 0 0 0 0 0 1 0 0 1 0 1 0 0 0 0 0 0 0 0 0 0 0 0 0 0 0 0 0 0 0 0 0 0 0 0 0 0 0 0 0 0 0 0 0 0 0 0 0 0 0 1 0 0 0 0 0 0 0 0 0 0 0 0 
68 48 50 58 54 31 45 34 38 57 46 43 32 20 17 34 28 26 25 20 21 15 24 24 14 9 11 12 12 10 6 6 11 8 14 10 3 6 8 6 8 10 3 8 2 2 5 3 1 0 0 1 2 2 5 0 3 1 0 3 4 0 2 1 1 0 1 1 0 2 0 0 0 0 0 0 0 0 1 0 0 0 1 1 0 0 0 0 0 0 0 1 0 0 0 0 0 1 0 0 1 0 1 0 0 0 0 0 0 0 0 0 0 0 0 0 0 0 0 0 0 0 0 0 0 0 0 0 0 0 0 0 0 0 0 0 0 0 0 0 0 0 0 0 0 0 0 0 0 0 
61 85 53 58 51 46 38 36 41 45 23 31 22 27 40 34 32 23 13 11 23 21 23 18 14 14 13 17 19 8 5 9 10 8 7 4 4 8 6 12 7 2 4 5 3 5 8 3 6 1 1 4 1 1 0 0 1 2 2 4 0 3 1 0 2 3 0 0 0 1 0 0 1 0 1 0 0 0 0 0 0 0 0 1 0 0 0 1 0 0 0 0 0 0 0 0 1 0 0 0 0 0 1 0 0 1 0 1 0 0 0 0 0 0 0 0 0 0 0 0 0 0 0 0 0 0 0 0 0 0 0 0 0 0 0 0 0 0 0 0 0 0 0 0 0 0 0 0 0 0 
69 59 70 52 44 45 68 42 47 36 35 31 28 25 30 16 17 12 19 29 22 21 18 12 9 14 14 18 15 9 9 10 14 9 7 5 8 7 6 7 4 3 5 5 10 2 2 3 3 3 4 8 2 3 1 1 2 1 1 0 0 0 1 1 3 0 2 1 0 1 3 0 0 0 1 0 0 0 0 1 0 0 0 0 0 0 0 0 1 0 0 0 0 0 0 0 0 0 0 0 0 1 0 0 0 0 0 1 0 0 0 0 0 0 0 0 0 0 0 0 0 0 0 0 0 0 0 0 0 0 0 0 0 0 0 0 0 0 0 0 0 0 0 0 0 0 0 0 0 0 
73 62 57 65 58 51 42 50 37 33 32 52 32 34 23 24 24 18 20 23 10 12 8 13 19 17 12 17 9 6 9 10 13 7 7 7 6 12 7 5 3 6 5 4 6 3 2 4 5 7 1 1 2 3 3 4 5 2 2 1 0 2 1 1 0 0 0 1 1 1 0 1 1 0 1 3 0 0 0 1 0 0 0 0 1 0 0 0 0 0 0 0 0 0 0 0 0 0 0 0 0 0 0 0 0 0 1 0 0 0 0 0 0 0 0 0 0 0 0 0 0 0 0 0 0 0 0 0 0 0 0 0 0 0 0 0 0 0 0 0 0 0 0 0 0 0 0 0 0 0 
69 81 42 45 52 54 48 47 50 47 39 29 30 27 22 26 41 21 26 15 16 19 16 16 17 6 7 7 10 12 12 10 8 7 5 5 7 7 5 4 5 4 10 6 4 1 5 3 3 6 2 2 2 4 6 1 1 1 2 2 3 4 1 2 1 0 1 1 1 0 0 0 1 1 1 0 1 0 0 1 2 0 0 0 1 0 0 0 0 0 0 0 0 0 0 0 0 0 0 0 0 0 0 0 0 0 0 0 0 0 0 1 0 0 0 0 0 0 0 0 0 0 0 0 0 0 0 0 0 0 0 0 0 0 0 0 0 0 0 0 0 0 0 0 0 0 0 0 0 0 
67 57 61 53 40 51 52 31 36 35 41 34 36 40 33 25 16 24 21 16 20 26 15 21 12 13 15 9 14 14 4 5 5 9 8 9 7 8 7 4 3 4 6 5 4 5 3 9 6 3 1 4 3 2 2 1 2 2 3 5 1 1 1 2 2 1 3 0 1 1 0 0 1 0 0 0 0 0 1 0 0 1 0 0 1 2 0 0 0 1 0 0 0 0 0 0 0 0 0 0 0 0 0 0 0 0 0 0 0 0 0 0 0 0 0 0 0 0 0 0 0 0 0 0 0 0 0 0 0 0 0 0 0 0 0 0 0 0 0 0 0 0 0 0 0 0 0 0 0 0 
53 70 53 73 59 47 40 47 40 32 35 36 21 31 21 29 20 26 27 30 15 11 19 17 13 16 20 11 11 11 8 10 3 10 10 4 5 4 5 4 7 4 6 5 3 3 4 5 4 3 4 3 7 4 2 1 3 3 2 2 1 1 2 2 3 1 1 1 2 1 0 2 0 0 1 0 0 0 0 0 0 0 0 1 0 0 0 0 0 0 2 0 0 0 0 0 0 0 0 0 0 0 0 0 0 0 0 0 0 0 0 0 0 0 0 0 0 0 0 0 0 0 0 0 0 0 0 0 0 0 0 0 0 0 0 0 0 0 0 0 0 0 0 0 0 0 0 0 0 0 
63 59 80 49 45 37 46 42 55 49 38 27 32 20 23 23 30 18 24 13 21 17 24 20 20 10 9 12 12 11 11 16 7 8 9 7 7 2 7 8 4 4 1 3 3 5 3 5 0 2 3 2 1 2 2 3 3 5 3 1 1 1 3 1 2 1 0 2 1 1 1 1 0 2 1 0 0 0 0 1 0 0 0 0 0 0 0 0 1 0 0 0 0 0 0 1 0 0 0 0 0 0 0 0 0 0 0 0 0 0 0 0 0 0 0 0 0 0 0 0 0 0 0 0 0 0 0 0 0 0 0 0 0 0 0 0 0 0 0 0 0 0 0 0 0 0 0 0 0 0 
54 72 59 56 58 41 41 60 43 36 30 38 24 43 34 30 19 24 13 16 19 22 12 11 12 12 13 18 11 13 6 8 6 9 8 9 13 5 5 5 3 7 2 7 4 4 3 1 1 2 4 3 4 0 1 2 2 1 1 0 2 2 3 1 1 1 1 2 1 2 0 0 2 1 1 1 1 0 2 1 0 0 0 0 1 0 0 0 0 0 0 0 0 1 0 0 0 0 0 0 0 0 0 0 0 0 0 0 0 0 0 0 0 0 0 0 0 0 0 0 0 0 0 0 0 0 0 0 0 0 0 0 0 0 0 0 0 0 0 0 0 0 0 0 0 0 0 0 0 0 
67 71 57 45 56 40 52 44 47 46 32 24 36 29 27 23 26 18 26 25 24 12 18 10 10 12 14 10 7 9 10 10 14 8 10 4 5 3 7 6 9 9 2 1 5 1 3 2 5 3 3 1 1 1 1 4 2 4 0 1 1 2 1 1 0 1 2 3 0 1 1 1 0 1 1 0 0 1 1 1 1 1 0 1 0 0 0 0 0 0 0 0 0 0 0 0 0 0 1 0 0 0 0 0 0 0 0 0 0 0 0 0 0 0 0 0 0 0 0 0 0 0 0 0 0 0 0 0 0 0 0 0 0 0 0 0 0 0 0 0 0 0 0 0 0 0 0 0 0 0 
39 57 57 51 58 51 53 46 34 44 31 36 33 34 33 25 17 27 26 24 18 20 14 18 19 18 9 12 7 10 7 11 7 4 5 8 7 11 5 7 4 3 2 5 4 6 7 2 1 4 1 1 1 4 1 3 1 1 1 1 3 1 4 0 1 1 1 1 1 0 0 1 2 0 1 1 1 0 1 1 0 0 1 1 1 1 1 0 1 0 0 0 0 0 0 0 0 0 0 0 0 0 0 1 0 0 0 0 0 0 0 0 0 0 0 0 0 0 0 0 0 0 0 0 0 0 0 0 0 0 0 0 0 0 0 0 0 0 0 0 0 0 0 0 0 0 0 0 0 0 
55 55 82 57 67 33 42 41 34 40 37 38 33 21 31 20 24 25 22 25 16 13 20 17 15 14 13 6 12 13 12 8 10 5 8 5 10 3 3 2 7 3 9 4 5 4 2 1 4 3 5 5 2 1 3 1 0 1 3 1 3 0 1 1 1 1 1 2 0 1 1 1 1 0 0 0 1 1 0 1 1 1 0 1 1 0 0 0 1 1 1 1 0 0 0 0 0 0 0 0 0 0 0 0 0 0 0 0 0 0 0 0 0 0 0 0 0 0 0 0 0 0 0 0 0 0 0 0 0 0 0 0 0 0 0 0 0 0 0 0 0 0 0 0 0 0 0 0 0 0 
46 59 55 55 51 44 37 62 49 51 23 35 29 24 30 26 27 25 16 23 11 16 19 14 23 13 12 16 13 11 9 8 3 6 11 7 6 5 3 7 4 9 3 3 2 4 3 7 3 3 4 2 1 3 0 4 4 2 0 2 1 0 1 2 1 3 0 0 0 1 1 1 1 0 1 1 1 1 0 0 0 1 0 0 0 0 1 0 1 1 0 0 0 0 1 1 1 0 0 0 0 0 0 0 0 0 0 0 0 0 0 0 0 0 0 0 0 0 0 0 0 0 0 0 0 0 0 0 0 0 0 0 0 0 0 0 0 0 0 0 0 0 0 0 0 0 0 0 0 0 
60 71 67 45 58 42 45 46 44 39 35 22 45 35 38 21 21 24 17 23 18 18 16 6 16 7 13 11 11 15 10 9 12 10 8 8 7 1 3 7 2 4 1 2 7 2 8 2 3 2 4 3 4 1 2 1 2 1 3 0 1 3 2 0 1 1 0 0 2 1 2 0 0 0 0 1 1 1 0 1 1 1 1 0 0 0 0 0 0 0 0 1 0 1 1 0 0 0 0 1 1 1 0 0 0 0 0 0 0 0 0 0 0 0 0 0 0 0 0 0 0 0 0 0 0 0 0 0 0 0 0 0 0 0 0 0 0 0 0 0 0 0 0 0 0 0 0 0 0 0 
59 64 72 58 51 48 42 60 37 39 28 30 38 34 25 25 14 34 24 28 12 15 21 15 18 14 9 14 3 15 5 10 8 8 8 7 9 9 6 7 7 6 1 3 6 1 3 0 2 5 2 4 2 3 1 3 2 2 1 1 0 2 1 2 0 1 2 1 0 0 1 0 0 1 0 0 0 0 0 0 1 0 1 0 1 1 1 1 0 0 0 0 0 0 0 0 0 0 1 0 0 0 0 0 0 1 1 0 0 0 0 0 0 0 0 0 0 0 0 0 0 0 0 0 0 0 0 0 0 0 0 0 0 0 0 0 0 0 0 0 0 0 0 0 0 0 0 0 0 0 
62 62 53 60 47 43 49 61 48 40 32 27 46 22 29 21 19 30 23 13 21 8 25 17 23 9 8 17 12 13 10 6 11 0 9 4 8 7 4 6 6 5 4 4 5 5 4 0 2 5 1 1 0 1 4 2 4 1 2 1 2 1 2 1 1 0 0 1 2 0 1 1 1 0 0 1 0 0 1 0 0 0 0 0 0 1 0 0 0 1 0 0 1 0 0 0 0 0 0 0 0 0 0 1 0 0 0 0 0 0 1 0 0 0 0 0 0 0 0 0 0 0 0 0 0 0 0 0 0 0 0 0 0 0 0 0 0 0 0 0 0 0 0 0 0 0 0 0 0 0 
64 69 60 72 53 48 48 43 46 32 29 36 42 36 26 20 13 33 17 18 16 12 17 18 10 17 6 19 13 16 6 4 13 8 11 6 4 6 0 4 1 6 5 2 5 4 5 2 2 5 5 4 0 2 2 0 0 0 1 2 1 1 1 2 0 2 0 2 1 0 0 0 0 2 0 1 1 1 0 0 1 0 0 1 0 0 0 0 0 0 1 0 0 0 1 0 0 1 0 0 0 0 0 0 0 0 0 0 1 0 0 0 0 0 0 1 0 0 0 0 0 0 0 0 0 0 0 0 0 0 0 0 0 0 0 0 0 0 0 0 0 0 0 0 0 0 0 0 0 0 
56 52 54 51 73 41 50 44 60 41 37 34 31 31 26 23 26 31 28 20 12 9 28 13 11 13 9 11 15 8 11 4 11 12 9 3 4 11 6 5 3 3 1 0 3 1 3 4 2 4 3 4 1 2 3 3 3 0 2 2 0 0 0 1 1 1 1 0 2 0 2 0 1 1 0 0 0 0 1 0 0 1 1 0 0 0 0 0 1 0 0 0 0 0 0 1 0 0 0 1 0 0 1 0 0 0 0 0 0 0 0 0 0 1 0 0 0 0 0 0 0 0 0 0 0 0 0 0 0 0 0 0 0 0 0 0 0 0 0 0 0 0 0 0 0 0 0 0 0 0 
62 60 49 64 54 42 43 42 36 59 28 40 31 49 25 25 26 19 23 17 16 20 24 17 9 10 6 18 10 8 7 7 10 13 3 10 2 9 9 7 3 4 9 5 4 1 3 1 0 2 1 2 3 2 4 1 3 0 2 2 2 2 0 2 1 0 0 0 1 1 1 1 0 2 0 2 0 1 1 0 0 0 0 1 0 0 0 1 0 0 0 0 0 1 0 0 0 0 0 0 0 0 0 0 1 0 0 1 0 0 0 0 0 0 0 0 0 0 1 0 0 0 0 0 0 0 0 0 0 0 0 0 0 0 0 0 0 0 0 0 0 0 0 0 0 0 0 0 0 0 
51 59 64 58 37 42 45 36 51 42 34 30 31 21 36 21 24 25 35 21 23 20 13 19 16 15 16 12 15 8 8 6 10 8 8 4 2 9 11 3 8 2 6 8 7 3 1 6 1 3 0 3 1 0 1 1 2 3 1 3 1 2 0 2 2 1 2 0 2 0 0 0 0 1 1 1 1 0 2 0 2 0 1 1 0 0 0 0 0 0 0 0 1 0 0 0 0 0 1 0 0 0 0 0 0 0 0 0 0 0 0 0 1 0 0 0 0 0 0 0 0 0 0 1 0 0 0 0 0 0 0 0 0 0 0 0 0 0 0 0 0 0 0 0 0 0 0 0 0 0 
79 91 63 40 66 36 39 49 45 25 34 32 22 37 25 25 20 22 12 27 13 21 20 22 15 13 11 7 13 11 9 10 11 8 7 8 3 7 4 6 1 1 6 9 2 4 2 5 6 5 2 0 5 0 2 0 2 0 0 0 1 0 3 1 3 1 2 0 1 1 0 1 0 2 0 0 0 0 0 0 1 1 0 2 0 1 0 1 1 0 0 0 0 0 0 0 0 0 0 0 0 0 0 1 0 0 0 0 0 0 0 0 0 0 0 0 0 0 0 0 0 0 0 0 0 0 0 0 1 0 0 0 0 0 0 0 0 0 0 0 0 0 0 0 0 0 0 0 0 0 
82 60 52 43 61 58 72 42 31 50 25 31 34 32 16 25 23 15 28 21 21 9 15 8 18 11 14 14 17 10 7 9 4 12 9 7 6 7 8 6 6 3 7 3 3 1 0 3 6 2 3 1 2 6 3 1 0 5 0 1 0 2 0 0 0 0 0 2 1 2 1 2 0 1 1 0 1 0 1 0 0 0 0 0 0 1 1 0 2 0 1 0 1 1 0 0 0 0 0 0 0 0 0 0 0 0 0 0 0 0 0 0 0 0 0 0 0 0 0 0 0 0 0 0 0 0 0 0 0 0 0 0 0 0 0 0 0 0 0 0 0 0 0 0 0 0 0 0 0 0 
59 66 59 57 44 59 46 39 31 44 38 55 33 23 34 19 23 24 23 11 17 17 11 22 16 12 6 13 5 15 9 8 11 13 7 5 6 2 9 6 6 4 6 7 4 4 3 6 3 3 1 0 1 4 2 3 0 2 5 2 0 0 5 0 1 0 2 0 0 0 0 0 2 1 0 1 2 0 1 0 0 1 0 1 0 0 0 0 0 0 1 0 0 1 0 1 0 0 0 0 0 0 0 0 0 0 0 0 0 0 0 0 0 0 0 0 0 0 0 0 0 0 0 0 0 0 0 0 0 0 0 0 0 0 0 0 0 0 0 0 0 0 0 0 0 0 0 0 0 0 
54 63 72 56 38 53 53 39 50 29 46 33 30 24 35 19 37 21 16 27 13 16 19 17 6 14 15 5 18 11 12 5 8 5 13 8 7 9 10 7 3 4 0 6 3 4 3 2 4 1 2 2 6 3 2 1 0 0 3 1 1 0 2 3 1 0 0 4 0 1 0 1 0 0 0 0 0 2 1 0 0 1 0 0 0 0 0 0 1 0 0 0 0 0 0 1 0 0 0 0 1 0 0 0 0 0 0 0 0 0 0 0 0 0 0 0 0 0 0 0 0 0 0 0 0 0 0 0 0 0 0 0 0 0 0 0 0 0 0 0 0 0 0 0 0 0 0 0 0 0 
58 56 51 48 66 45 48 55 44 27 40 38 28 35 21 34 25 18 18 25 15 27 12 16 17 11 12 15 11 4 11 9 5 13 7 10 5 5 4 8 6 6 8 9 4 3 2 0 3 2 3 2 1 3 0 2 2 4 1 1 0 0 0 2 1 1 0 2 1 1 0 0 3 0 1 0 1 0 0 0 0 0 1 1 0 0 1 0 0 0 0 0 0 1 0 0 0 0 0 0 1 0 0 0 0 1 0 0 0 0 0 0 0 0 0 0 0 0 0 0 0 0 0 0 0 0 0 0 0 0 0 0 0 0 0 0 0 0 0 0 0 0 0 0 0 0 0 0 0 0 
53 73 55 68 59 41 43 44 33 51 34 31 34 31 26 27 27 19 24 20 27 17 10 13 18 8 19 9 11 13 8 9 11 7 2 9 6 4 8 6 6 3 4 3 6 3 4 5 5 2 3 1 0 1 2 2 2 1 3 0 2 2 3 1 0 0 0 0 2 0 1 0 2 1 0 0 0 2 0 1 0 1 0 0 0 0 0 0 1 0 0 0 0 0 0 0 0 0 1 0 0 0 0 0 0 1 0 0 0 0 1 0 0 0 0 0 0 0 0 0 0 0 0 0 0 0 0 0 0 0 0 0 0 0 0 0 0 0 0 0 0 0 0 0 0 0 0 0 0 0 
69 60 61 46 49 38 58 44 49 42 35 30 36 23 31 22 21 27 19 17 18 22 12 19 13 24 14 8 12 13 7 16 8 8 8 7 6 8 5 1 5 4 1 6 2 3 2 3 3 6 3 1 4 5 2 1 1 0 0 2 2 1 1 2 0 2 2 2 1 0 0 0 0 2 0 1 0 2 0 0 0 0 1 0 0 0 1 0 0 0 0 0 0 1 0 0 0 0 0 0 0 0 0 1 0 0 0 0 0 0 0 0 0 0 0 0 0 0 0 0 0 0 0 0 0 0 0 0 0 0 0 0 0 0 0 0 0 0 0 0 0 0 0 0 0 0 0 0 0 0 
67 64 75 54 46 52 43 49 36 37 29 38 27 37 35 26 23 25 11 24 15 16 13 13 16 13 19 9 13 11 18 11 8 8 8 3 13 4 7 7 2 3 5 3 1 2 1 1 4 1 3 2 1 3 5 1 1 4 3 1 1 0 0 0 1 1 1 0 1 0 1 2 2 0 0 0 0 0 2 0 1 0 2 0 0 0 0 1 0 0 0 1 0 0 0 0 0 0 1 0 0 0 0 0 0 0 0 0 0 0 0 0 0 0 0 0 0 0 0 0 0 0 0 0 0 0 0 0 0 0 0 0 0 0 0 0 0 0 0 0 0 0 0 0 0 0 0 0 0 0 
61 72 46 41 59 53 48 56 44 32 39 29 32 30 24 20 24 22 24 29 16 18 16 10 18 11 12 10 9 13 10 16 5 11 6 15 7 4 6 7 3 11 4 3 4 1 2 5 1 1 1 1 1 2 0 2 1 1 2 3 1 0 3 2 1 1 0 0 0 1 1 1 0 1 0 0 2 2 0 0 0 0 0 2 0 0 0 1 0 0 0 0 1 0 0 0 1 0 0 0 0 0 0 1 0 0 0 0 0 0 0 0 0 0 0 0 0 0 0 0 0 0 0 0 0 0 0 0 0 0 0 0 0 0 0 0 0 0 0 0 0 0 0 0 0 0 0 0 0 0 
61 56 65 61 45 50 54 27 33 42 41 37 45 35 24 31 16 28 25 18 13 17 17 21 25 10 15 13 6 14 9 9 6 7 7 9 12 3 9 5 12 4 3 6 5 1 7 2 0 4 1 2 3 1 1 1 0 1 1 0 2 1 0 1 2 0 0 1 2 1 1 0 0 0 0 1 0 0 1 0 0 2 2 0 0 0 0 0 2 0 0 0 1 0 0 0 0 1 0 0 0 1 0 0 0 0 0 0 0 0 0 0 0 0 0 0 0 0 0 0 0 0 0 0 0 0 0 0 0 0 0 0 0 0 0 0 0 0 0 0 0 0 0 0 0 0 0 0 0 0 
52 63 46 51 54 50 41 58 45 33 46 42 17 23 33 32 32 36 24 16 19 13 14 21 11 12 10 10 14 15 6 10 10 5 10 6 6 4 6 5 7 9 2 6 5 6 3 1 5 4 1 5 2 0 3 1 2 3 1 1 0 0 1 0 0 1 1 0 1 1 0 0 1 2 1 1 0 0 0 0 0 0 0 0 0 0 0 2 0 0 0 0 0 2 0 0 0 1 0 0 0 0 1 0 0 0 0 0 0 0 0 0 0 0 0 0 0 0 0 0 0 0 0 0 0 0 0 0 0 0 0 0 0 0 0 0 0 0 0 0 0 0 0 0 0 0 0 0 0 0 
49 79 70 52 47 33 45 38 35 38 36 32 42 30 19 33 31 12 18 25 23 25 27 19 11 13 11 13 14 5 9 5 9 11 10 6 9 7 1 7 5 4 4 4 3 6 7 2 3 2 4 2 1 4 2 1 5 2 0 2 0 0 2 0 0 0 0 1 0 0 1 1 0 0 1 0 0 1 2 0 1 0 0 0 0 0 0 0 0 0 0 0 2 0 0 0 0 0 1 0 0 0 0 0 0 0 0 0 0 0 0 0 0 0 0 0 0 0 0 0 0 0 0 0 0 0 0 0 0 0 0 0 0 0 0 0 0 0 0 0 0 0 0 0 0 0 0 0 0 0 
61 55 58 53 72 36 54 55 34 34 26 28 29 27 25 28 20 36 21 11 27 24 8 15 17 13 20 20 15 7 9 7 8 12 4 8 3 7 8 6 4 7 4 0 6 3 3 3 4 2 3 7 2 2 2 4 2 1 3 2 0 4 2 0 2 0 0 1 0 0 0 0 1 0 0 1 1 0 0 1 0 0 1 1 0 1 0 0 0 0 0 0 0 0 0 0 0 2 0 0 0 0 0 0 0 0 0 0 0 0 0 0 0 0 0 0 0 0 0 0 0 0 0 0 0 0 0 0 0 0 0 0 0 0 0 0 0 0 0 0 0 0 0 0 0 0 0 0 0 0 
76 58 48 45 65 51 38 40 42 53 27 37 40 24 29 22 17 20 22 20 23 13 29 14 8 21 18 6 10 11 10 11 11 12 6 8 5 8 11 2 4 0 3 6 4 4 3 3 0 6 2 1 2 3 2 2 4 1 2 2 4 1 1 1 2 0 2 1 0 1 0 0 1 0 0 0 0 0 0 0 1 1 0 0 1 0 0 1 0 0 1 0 0 0 0 0 0 0 0 0 0 0 0 0 0 0 0 0 0 0 0 0 0 0 0 0 0 0 0 0 0 0 0 0 0 0 0 0 0 0 0 0 0 0 0 0 0 0 0 0 0 0 0 0 0 0 0 0 0 0 
57 47 73 76 45 56 45 39 26 44 38 33 23 34 38 21 27 32 16 20 17 16 14 17 13 18 6 21 10 5 15 10 4 6 9 7 7 8 9 5 6 4 5 7 2 3 0 3 6 4 2 3 2 0 4 2 1 2 3 1 1 4 1 1 2 3 0 0 1 2 0 0 1 0 1 0 0 1 0 0 0 0 0 0 0 0 1 0 0 0 0 0 1 0 0 1 0 0 0 0 0 0 0 0 0 0 0 0 0 0 0 0 0 0 0 0 0 0 0 0 0 0 0 0 0 0 0 0 0 0 0 0 0 0 0 0 0 0 0 0 0 0 0 0 0 0 0 0 0 0 
72 65 65 40 38 47 41 49 50 28 47 31 26 21 30 29 27 17 22 26 16 24 23 10 18 12 12 14 9 10 15 5 17 8 5 12 6 4 4 8 6 7 7 6 5 4 2 3 4 1 3 0 2 6 3 2 3 2 0 4 1 0 1 3 0 1 3 1 1 2 3 0 0 0 2 0 0 1 0 0 0 0 1 0 0 0 0 0 0 0 0 1 0 0 0 0 0 1 0 0 1 0 0 0 0 0 0 0 0 0 0 0 0 0 0 0 0 0 0 0 0 0 0 0 0 0 0 0 0 0 0 0 0 0 0 0 0 0 0 0 0 0 0 0 0 0 0 0 0 0 
81 46 54 51 49 53 54 50 26 28 36 34 37 35 18 34 22 16 13 19 25 19 15 18 22 9 18 19 8 13 10 10 9 5 8 10 4 12 4 5 8 5 4 3 3 3 5 6 6 3 4 1 3 4 0 3 0 2 4 3 1 0 1 0 4 1 0 0 3 0 1 1 1 1 2 3 0 0 0 2 0 0 1 0 0 0 0 1 0 0 0 0 0 0 0 0 1 0 0 0 0 0 1 0 0 1 0 0 0 0 0 0 0 0 0 0 0 0 0 0 0 0 0 0 0 0 0 0 0 0 0 0 0 0 0 0 0 0 0 0 0 0 0 0 0 0 0 0 0 0 
67 68 53 45 43 58 35 34 45 32 40 41 35 16 19 25 28 27 30 10 28 18 15 10 18 19 16 12 12 20 7 13 14 7 7 4 6 8 4 5 4 4 11 2 3 6 5 4 1 2 1 4 6 4 2 3 1 2 2 0 2 0 1 4 1 1 0 1 0 2 1 0 0 1 0 1 1 0 1 1 1 0 0 0 1 0 0 1 0 0 0 0 0 0 0 0 0 0 0 0 0 1 0 0 0 0 0 0 0 0 1 0 0 0 0 0 0 0 0 0 0 0 0 0 0 0 0 0 0 0 0 0 0 0 0 0 0 0 0 0 0 0 0 0 0 0 0 0 0 0 
64 78 46 55 55 49 53 37 37 30 46 24 23 34 26 33 22 27 13 15 18 23 19 23 8 20 16 9 8 16 15 9 10 9 12 6 8 11 5 7 3 4 6 2 1 4 3 5 1 2 3 4 4 1 2 1 3 4 3 2 3 1 1 1 0 1 0 1 4 1 0 0 1 0 2 1 0 0 1 0 0 1 0 1 0 1 0 0 0 1 0 0 1 0 0 0 0 0 0 0 0 0 0 0 0 0 1 0 0 0 0 0 0 0 0 0 0 0 0 0 0 0 0 0 0 0 0 0 0 0 0 0 0 0 0 0 0 0 0 0 0 0 0 0 0 0 0 0 0 0 
77 61 53 45 43 49 57 34 43 41 37 40 24 26 22 37 18 19 22 23 24 15 21 11 9 12 16 12 17 6 16 12 2 6 10 11 3 9 6 7 4 7 8 5 6 2 3 5 2 1 3 2 5 1 0 2 2 3 1 2 0 3 3 3 2 3 1 1 1 0 1 0 0 2 1 0 0 1 0 1 1 0 0 0 0 0 1 0 1 0 1 0 0 0 1 0 0 0 0 0 0 0 0 0 0 0 0 0 0 0 0 1 0 0 0 0 0 0 0 0 0 0 0 0 0 0 0 0 0 0 0 0 0 0 0 0 0 0 0 0 0 0 0 0 0 0 0 0 0 0 
55 72 56 47 47 61 51 38 37 30 32 44 27 34 35 26 28 18 20 15 26 12 15 16 18 18 12 12 9 6 7 11 9 15 2 13 8 1 4 8 7 2 5 5 7 2 6 5 2 6 1 3 3 1 0 1 2 4 1 0 2 1 3 1 2 0 2 1 1 2 1 0 0 0 0 1 0 0 2 1 0 0 0 0 1 1 0 0 0 0 0 0 0 1 0 1 0 0 0 1 0 0 0 0 0 0 0 0 0 0 0 0 0 0 0 0 0 0 0 0 0 0 0 0 0 0 0 0 0 0 0 0 0 0 0 0 0 0 0 0 0 0 0 0 0 0 0 0 0 0 
52 74 46 55 57 47 54 45 34 38 48 37 27 23 21 24 31 17 21 30 20 23 11 17 11 14 9 9 13 11 11 6 9 7 5 4 6 8 10 1 9 7 1 3 5 4 1 3 4 7 1 4 4 1 5 1 1 1 1 0 1 1 4 1 0 2 1 2 1 1 0 2 1 0 1 1 0 0 0 0 1 0 0 1 0 0 0 0 0 1 0 0 0 0 0 0 0 0 1 0 1 0 0 0 0 0 0 0 0 0 0 0 0 0 0 0 0 0 0 0 0 0 0 0 0 0 0 0 0 0 0 0 0 0 0 0 0 0 0 0 0 0 0 0 0 0 0 0 0 0 
46 40 65 54 75 43 53 37 41 45 36 38 33 23 28 35 26 22 13 19 19 24 11 12 21 15 20 9 12 10 8 8 7 11 6 9 4 8 5 4 2 6 7 7 1 6 6 1 0 4 2 0 3 3 5 0 3 3 0 2 1 0 1 0 0 1 1 4 1 0 1 0 2 0 0 0 2 1 0 1 1 0 0 0 0 1 0 0 0 0 0 0 0 0 1 0 0 0 0 0 0 0 0 1 0 1 0 0 0 0 0 0 0 0 0 0 0 0 0 0 0 0 0 0 0 0 0 0 0 0 0 0 0 0 0 0 0 0 0 0 0 0 0 0 0 0 0 0 0 0 
67 74 68 52 36 37 30 45 41 59 32 40 26 24 37 27 27 28 16 26 22 17 19 8 16 16 16 9 10 13 4 15 7 8 7 5 6 4 8 3 6 3 7 2 2 2 3 5 6 0 6 4 1 0 2 1 0 2 2 4 0 2 3 0 2 0 0 1 0 0 1 1 3 0 0 1 0 0 0 0 0 2 0 0 0 1 0 0 0 0 0 0 0 0 0 0 0 0 0 1 0 0 0 0 0 0 0 0 1 0 1 0 0 0 0 0 0 0 0 0 0 0 0 0 0 0 0 0 0 0 0 0 0 0 0 0 0 0 0 0 0 0 0 0 0 0 0 0 0 0 
51 73 74 52 43 52 52 58 37 27 27 24 34 31 44 25 30 21 19 25 20 24 15 10 17 15 11 12 5 12 14 12 8 10 10 2 10 3 5 5 2 5 3 8 3 3 2 6 2 2 2 1 4 6 0 5 0 1 0 1 1 0 1 1 3 0 1 1 0 1 0 0 1 0 0 0 1 1 0 0 0 0 0 0 0 0 1 0 0 0 1 0 0 0 0 0 0 0 0 0 0 0 0 0 1 0 0 0 0 0 0 0 0 1 0 1 0 0 0 0 0 0 0 0 0 0 0 0 0 0 0 0 0 0 0 0 0 0 0 0 0 0 0 0 0 0 0 0 0 0 
67 60 49 54 42 45 55 58 42 27 38 37 46 22 19 16 18 25 23 32 20 25 14 14 19 15 19 13 5 15 13 8 11 3 11 9 12 4 8 8 2 6 0 4 4 2 3 3 7 1 2 2 4 1 1 2 0 1 3 0 4 0 1 0 1 0 0 1 0 2 0 1 1 0 1 0 0 1 0 0 0 1 1 0 0 0 0 0 0 0 0 1 0 0 0 1 0 0 0 0 0 0 0 0 0 0 0 0 0 0 0 0 0 0 0 0 0 0 1 0 0 0 0 0 0 0 0 0 0 0 0 0 0 0 0 0 0 0 0 0 0 0 0 0 0 0 0 0 0 0 
# Running this program took 140 seconds.
