#time env_conditions mean_num_genes STD_of_num_genes num_of_cells res_in_cells res_in_Env mean_age STD_age Shannon_index born killed Envelope_mean Envelope_STD
0 0 50.3539 5.67899 1537 499820 180.439 0 0 11.2567 0 0 0.549719 0.0384565
50 0.0508637 48.0139 5.04751 937 437744 62255.7 46.6403 11.5608 10.6199 4 5 0.546365 0.0387526
100 -0.724177 46.6877 4.57231 1095 499381 619.172 71.326 36.0687 10.3322 8 5 0.542115 0.0380276
150 0.554793 45.8093 4.26563 1070 499481 519.417 94.285 52.9878 10.072 6 7 0.541673 0.0365093
200 -0.241032 45.0553 3.92958 1085 499411 589.001 107.574 70.6715 9.82858 8 10 0.540608 0.0360367
250 -0.752519 44.3062 3.54169 1107 499472 527.964 119.771 84.4655 9.62453 9 3 0.538022 0.0342699
300 0.181432 43.7285 3.23727 1072 499561 438.868 132.365 94.9099 9.39791 2 4 0.537576 0.0335805
350 -0.470234 43.2836 2.98716 1093 499339 661.007 135.593 106.662 9.20128 5 10 0.537942 0.0325015
400 -0.579173 43.0471 2.8999 1082 499440 559.984 140.46 116.347 9.05833 7 9 0.538952 0.0327099
450 -0.578063 42.5718 2.6788 1086 499447 553.143 144.221 122.233 8.84619 7 8 0.538758 0.0318655
500 0.479767 42.2532 2.42951 1082 499477 523.113 146.44 124.415 8.67076 4 8 0.539589 0.0306851
550 0.161375 42.0643 2.2932 1104 499496 503.64 149.421 131.882 8.50689 10 6 0.541459 0.0296289
600 -0.810178 41.9452 2.10377 1076 499436 563.867 148.44 135.088 8.37363 14 12 0.542527 0.0290287
650 0.586945 41.6838 1.99762 1072 499429 571.304 153.027 137.272 8.21313 5 12 0.543168 0.0280771
700 -0.0558545 41.4836 1.91979 1096 499454 545.592 150.614 140.644 8.01478 5 7 0.545175 0.0272015
750 0.109125 41.3293 1.87748 1087 499450 550.256 147.305 140.16 7.83675 11 9 0.546145 0.026041
800 0.317297 41.1599 1.83801 1088 499457 542.965 147.097 142.607 7.70001 7 8 0.547526 0.0263464
850 -0.0710141 40.9345 1.7844 1084 499545 455.041 148.415 142.936 7.57623 5 10 0.547174 0.0258817
900 -0.376614 40.7336 1.74849 1085 499445 555.249 149.397 138.384 7.44548 5 11 0.54848 0.025858
950 0.148243 40.6172 1.75617 1084 499469 531.468 158.284 141.476 7.36492 5 7 0.549032 0.0251218
1000 0.667809 40.5046 1.73017 1080 499472 528.117 157.453 147.687 7.29757 8 10 0.549957 0.0246752
1050 -0.932848 40.3687 1.73715 1074 499497 503.04 153.393 148.685 7.19042 10 5 0.550541 0.0248386
1100 0.503977 40.2606 1.76644 1090 499452 547.815 150.717 147.233 7.09214 13 5 0.551968 0.0240942
1150 0.467332 40.1505 1.76163 1096 499416 583.626 148.334 151.601 6.96696 13 5 0.553681 0.0232461
1200 -0.137713 39.964 1.73488 1082 499517 482.876 150.559 148.502 6.87101 11 12 0.553518 0.022138
1250 0.0204386 39.786 1.71744 1089 499498 502.282 150.491 147.321 6.70856 8 6 0.554401 0.0221221
1300 -0.516409 39.6798 1.74216 1090 499430 570.158 147.845 145.385 6.67467 5 11 0.554823 0.021636
1350 -0.302337 39.4755 1.74965 1100 499527 473.214 144.428 139.85 6.49277 11 7 0.556417 0.0214395
1400 0.679699 39.416 1.72271 1072 499465 535.017 150.782 141.544 6.41893 7 8 0.556591 0.0208574
1450 -0.770684 39.2661 1.68198 1090 499400 599.95 145.262 141.495 6.30906 9 6 0.556939 0.0210132
1500 0.613939 39.1373 1.68391 1100 499550 450.301 145.22 141.696 6.18558 7 6 0.557862 0.0199979
1550 -0.250537 39.0278 1.73317 1078 499407 593.447 147.686 139.516 6.11049 7 5 0.558524 0.0196117
1600 -0.22497 38.915 1.68142 1082 499424 576.294 145.015 139.21 6.01464 6 8 0.558575 0.0193232
1650 -0.677311 38.7726 1.67257 1082 499540 459.732 147.908 141.097 5.93749 9 12 0.558996 0.0189546
1700 0.428364 38.6918 1.70466 1087 499541 459.034 154.035 146.433 5.96815 7 8 0.558093 0.0191258
1750 -0.66846 38.6776 1.72964 1067 499510 489.538 159.223 145.342 5.9757 10 7 0.557785 0.0189869
1800 0.413211 38.5703 1.68599 1096 499420 579.891 152.829 147.56 5.90179 10 9 0.558225 0.0191287
1850 -0.464005 38.4531 1.69903 1097 499538 462.201 149.285 151.863 5.84449 12 3 0.558176 0.0186779
1900 -0.61501 38.2973 1.70306 1083 499432 568.095 152.007 154.018 5.81859 4 12 0.558155 0.0188431
1950 0.54159 38.2424 1.66504 1085 499432 568.261 153.618 153.365 5.75032 8 6 0.558471 0.0182021
2000 0.754332 38.1706 1.70998 1090 499462 538.21 155.628 150.767 5.71768 3 7 0.558392 0.0183356
2050 0.0922987 38.0515 1.74295 1087 499414 586.408 156.711 149.648 5.68667 7 4 0.55812 0.0183079
2100 -0.830775 37.8735 1.7221 1091 499415 584.81 152.833 150.175 5.59782 5 5 0.557781 0.0184019
2150 -0.214455 37.7865 1.70586 1082 499476 524.064 153.848 149.598 5.55387 5 11 0.558324 0.0175717
2200 -0.265177 37.6651 1.71183 1081 499496 504.241 152.228 149.269 5.52449 8 6 0.557217 0.0186067
2250 0.139744 37.5987 1.72088 1094 499443 556.532 154.763 152.992 5.48517 9 7 0.557387 0.0180442
2300 0.660509 37.4294 1.71191 1069 499527 473.051 159.077 154.871 5.42487 5 11 0.556967 0.017959
2350 -0.876317 37.3072 1.71429 1084 499451 549.205 156.543 158.426 5.28997 6 10 0.557515 0.0172088
2400 0.402783 37.2461 1.73735 1077 499446 554.318 157.008 156.41 5.33489 7 6 0.557309 0.0172437
2450 0.147215 37.1487 1.74864 1103 499502 497.94 152.499 156.299 5.25887 10 12 0.557657 0.0167484
2500 -0.95497 36.9694 1.76547 1079 499515 485.446 151.256 152.482 5.1898 7 12 0.557164 0.0167462
2550 -0.20654 36.782 1.77148 1078 499475 525.151 149.898 149.662 5.03141 6 9 0.557744 0.015709
2600 -0.622264 36.7034 1.75433 1099 499478 521.765 146.207 145.219 5.14424 7 8 0.556926 0.0168418
2650 0.830747 36.6105 1.79919 1068 499529 471.08 152.84 146.456 5.14024 7 7 0.556366 0.0180297
2700 -0.485807 36.5046 1.79485 1080 499421 579.385 155.004 148.269 5.1146 7 6 0.555952 0.0184799
2750 0.934749 36.3743 1.85591 1082 499457 542.615 156.757 147.333 5.2142 10 2 0.553501 0.0199983
2800 0.0340511 36.2731 1.88441 1091 499472 527.966 154.834 150.757 5.17862 12 8 0.553526 0.0198409
2850 -0.326333 36.2261 1.96622 1088 499481 519.077 153.316 148.897 5.22199 3 10 0.552537 0.0203673
2900 0.174757 36.1253 1.96393 1101 499434 565.798 152.262 150.071 5.23212 8 6 0.552092 0.0210067
2950 -0.883854 35.98 2.02117 1100 499489 510.86 153.449 152.013 5.22212 12 7 0.551621 0.0208978
3000 0.710195 35.8933 2.07094 1087 499497 503.077 159.345 152.53 5.23828 10 5 0.550998 0.0215793
3050 0.41751 35.6798 2.0466 1093 499463 536.547 157.088 151.84 5.23335 6 8 0.549779 0.0213889
3100 0.0640021 35.5943 2.03697 1087 499437 563.219 154.159 148.968 5.25346 8 3 0.549254 0.0214087
3150 -0.80894 35.4922 2.03235 1087 499454 545.901 153.365 150.662 5.19568 11 8 0.550164 0.0208113
3200 0.559332 35.3163 2.06019 1075 499501 499.119 152.142 150.442 5.14481 14 7 0.550407 0.0203783
3250 0.935272 35.2291 2.05145 1074 499438 562.038 159.223 153.9 5.09645 3 2 0.551241 0.0194025
3300 0.890832 35.0177 2.01221 1076 497780 2219.97 155.62 155.061 5.10007 12 16 0.550427 0.0194544
3350 -0.90836 34.8583 2.07322 1066 499429 571.132 159.094 154.866 5.16246 5 5 0.548769 0.0207859
3400 -0.0948093 34.6697 2.07295 1084 499519 481.475 154.437 157.477 5.11543 10 13 0.548634 0.0198021
3450 -0.268116 34.5355 2.01795 1098 499573 426.675 152.115 151.761 5.11549 8 5 0.549056 0.0198677
3500 -0.667794 34.4251 2.0176 1082 499549 451.086 151.749 149.264 5.12222 8 5 0.547492 0.0202108
3550 -0.043459 34.2652 2.05268 1086 499444 555.867 148.303 152.335 5.07921 6 6 0.547968 0.0200893
3600 0.0583722 34.1798 2.04792 1079 499440 559.694 150.495 149.127 5.05192 7 6 0.548895 0.0194849
3650 0.301334 34.0304 2.05241 1084 499503 497.471 154.058 153.821 5.01675 7 6 0.548976 0.0192656
3700 0.0159947 33.7907 2.04737 1075 499482 517.563 161.437 157.751 4.95216 16 8 0.548918 0.0185188
3750 0.399712 33.624 2.04934 1085 499553 446.691 149.926 155.546 4.92596 7 9 0.548286 0.0196114
3800 -0.817517 33.4615 2.0366 1090 499429 570.968 151.067 153.373 4.88553 9 9 0.548162 0.0194235
3850 0.667521 33.4081 2.05282 1083 499540 460.498 154.628 151.878 4.89727 8 8 0.547499 0.0200474
3900 0.64984 33.2161 2.01185 1083 499438 562.19 152.616 147.71 4.89844 11 3 0.546297 0.0204932
3950 -0.526886 33.1262 2.07672 1078 499489 510.648 155.164 149.96 4.98942 8 7 0.545215 0.0217581
4000 -0.929403 33.0737 2.07467 1086 499477 522.834 152.467 151.06 5.04524 9 7 0.544499 0.0226069
4050 0.241995 33.012 2.03913 1082 499436 563.515 153.577 148.663 5.06137 13 8 0.543844 0.0227054
4100 -0.17874 32.9283 2.02478 1088 499452 548.287 150.233 148.181 5.08431 8 7 0.543183 0.022957
4150 0.117793 32.9368 2.03771 1076 499486 514.349 153.541 150.257 5.10425 9 11 0.544119 0.0232948
4200 -0.821129 32.8379 2.0346 1098 499464 536.344 154.566 149.4 5.07998 5 7 0.543736 0.0225788
4250 0.682018 32.7555 1.99682 1084 499543 457.283 155.385 148.312 5.06236 5 13 0.54388 0.0225891
4300 0.865288 32.5312 1.99387 1075 499465 534.749 153.788 145.612 5.04638 5 10 0.541943 0.0223539
4350 0.680061 32.362 1.98192 1083 499524 476.448 156.608 150.246 5.03807 11 4 0.541812 0.0217395
4400 0.681031 32.1393 1.99907 1084 499464 535.51 153.402 146.095 4.9335 4 8 0.541801 0.0210046
4450 -0.626297 32.0561 2.01229 1088 499451 548.611 154.267 148.121 4.97331 9 6 0.541389 0.0216598
4500 -0.938982 32.0319 2.00999 1096 499448 551.989 160.769 154.796 4.99412 14 9 0.54135 0.0216063
4550 0.685751 32.0301 1.97146 1095 499518 481.703 163.368 160.617 5.01543 6 10 0.54145 0.0216666
4600 -0.2594 31.8939 1.97136 1084 499399 601.259 161.949 155.337 5.02636 7 10 0.539924 0.022277
4650 -0.825155 31.8874 1.91217 1101 499452 548.017 159.825 156.148 5.01585 4 7 0.540086 0.0220125
4700 0.176153 31.8108 1.90129 1089 499433 567.217 160.984 158.739 4.98746 7 10 0.540339 0.0216053
4750 0.382013 31.6768 1.93252 1083 499536 463.78 157.969 153.924 4.98583 5 12 0.538958 0.0217973
4800 -0.849903 31.5825 1.90858 1073 499434 565.742 155.206 152.077 4.97836 8 12 0.538221 0.0213402
4850 -0.881755 31.454 1.92155 1077 499435 564.731 157.288 151.751 4.92895 4 8 0.53716 0.0207899
4900 0.0900951 31.2484 1.93379 1083 499470 529.542 153.006 150.846 4.89366 5 6 0.535404 0.0203372
4950 -0.378558 31.1914 1.91453 1092 499522 477.859 151.216 148.285 4.93691 6 6 0.534961 0.0208607
5000 -0.35255 31.0083 1.92897 1087 499459 541.357 154.468 146.248 4.91783 7 5 0.533635 0.020897
# Running this program took 140 seconds.
